#NumberR 400
#L/D 10
#DensityR 0.0033510321638291
#Boxx 100
#Boxy 100
#Boxz 100
-35.987118617202 46.563594016139 -45.331456806697 -8.3974529397081 -4.2925732999743 -3.3251464012486 -2.3228740720128 0
-26.524252596801 -39.919358245419 -48.953592640003 3.6081688225338 5.590170640206 7.4653271838195 -5.7944450844208 0
-30.429900176922 -13.335915485254 41.079462159553 2.4245455072317 -9.0857474585729 -3.401583778536 3.8514917579606 0
-33.650576270076 -12.288160635302 -38.261612329061 -0.076094444751038 -4.3000844131438 -9.027927983503 3.2237145664777 0
-25.333931978285 -22.121892931156 -49.728075753424 -6.5809218676517 -6.2305715145217 -4.2274633025367 0.67123522743484 0
7.4999349447733 19.371785463654 -40.166835360138 6.6693602452093 -7.3589343897802 1.1686396221809 -1.2883199427618 0
-18.746639327858 11.410127988985 -49.614346488204 6.1250704445654 4.4358393983386 -6.5426937022344 2.6705756700078 0
-36.317318276337 23.219063442675 26.962054988824 -3.4636437641763 -8.8164551944852 -3.2051972916684 2.5222753710911 0
-32.414974660611 37.835225110411 49.577879436073 -1.2973111989644 8.0819465636395 -5.7444863474046 1.1082891950175 0
0.084790520010295 47.322111340454 46.398478596505 -8.8050474955946 -1.6821442279635 -4.4318765096347 4.0514178082564 0
3.1111440464815 49.383956744131 -45.198512895165 -9.3853391912579 -0.87626507222504 3.3387973565698 2.2712292511494 0
22.104244238357 -27.801492426133 -30.113933735101 -4.1221308851776 -8.4985672952271 3.2836551119081 3.6758662648477 0
-8.6645032527114 -30.410278992782 -41.396505859315 8.4903941833618 -5.0848324819786 -1.4344633984007 5.0910368304228 0
-26.91245985214 -31.234589218904 49.517002138137 -7.2601654047957 2.8579260865519 -6.2547787154154 -0.41663468987588 0
10.278908872162 -0.093626925422055 -48.622036747701 9.6787679247241 -1.0864813066762 -2.2673795071791 -1.6987916081759 0
-27.701808425949 -7.4161188391364 -45.555842593596 9.1122735075759 -0.14114545238444 4.1166186955317 2.1361340188095 0
-14.452727204586 10.775532054245 -43.89178471032 9.9234185563517 -0.66881310301657 -1.0384860079404 0.48849586770537 0
7.6045191374368 19.807511376862 -46.667703674908 -6.5753892547164 2.1850554235892 -7.2103945068771 -1.07367693504 0
-29.921688108097 21.703527975691 40.802574876641 -1.2765276982823 -9.7758684210671 1.674178499892 -5.4760853124269 0
-28.090446267748 39.824600217661 -33.1975668074 -9.1106019901877 1.8750283017969 3.6716754001204 0.22585009684652 0
-10.922747904379 -49.094539691547 -36.726380252055 9.8872172528265 -1.3004731224065 0.74276823660481 0.71845077066784 0
-18.269480616932 -44.108527642255 -41.320321149965 9.3266871814687 2.9963905018023 -2.0086189732592 -2.1507685126695 0
-4.9072901020858 -24.866975170703 -24.198411836706 -7.5309448121778 -6.3001576707534 1.8954903216792 -1.0888752981454 0
5.0221358998664 -7.2364463932755 -37.424014797471 -4.1732262838941 -2.0504997716935 -8.8532272686123 0.76543995330041 0
-44.683140372925 -6.794804926899 -32.956201257647 -2.2728955850771 7.3819636130263 -6.3514217995102 -1.8154655790757 0
-16.780376925514 -3.8600746122668 -37.45335816451 -1.5773662334655 -2.4396840918391 -9.5686915143895 0.25856852204439 0
1.7806392245498 12.834432545336 -23.716265066567 2.6183558351748 -9.6477492436812 -0.25523959617285 -0.31636086942842 0
-11.768799988715 20.668467643964 -38.874073305783 6.1125740634352 2.6072601441876 7.4725251996598 -1.0154070321581 0
-12.172214555782 32.601289214795 -45.717875724666 6.4881400582991 -2.9372880522521 7.0197134900216 4.4686352640474 0
-38.925396394854 45.862050586086 -38.342007952319 -5.2015826218772 -7.3553359116138 -4.3408031348024 -3.1415926535898 0
-21.306577152217 42.959000080125 -48.390033809328 -1.0947853768768 1.3908833376651 9.8420977702715 4.2192322345153 0
-16.610776146013 -37.830290773038 -32.895387436494 -0.49795669468908 4.0828401332994 -9.1149577934368 -2.8188427682273 0
-2.0534620244218 -35.597421273552 -29.458494139192 -9.0876829349326 3.5390808663621 2.2110914715326 3.0629916787344 0
-9.7179236354053 -18.996859860559 -37.759679272104 8.6938941343069 -3.5589059090938 3.4278846992979 -3.1415926535898 0
0.24153149367134 12.535949049585 -36.548517545494 4.9613945626171 1.1985346970954 -8.5993068658987 2.591831202932 0
0.8967713320099 -7.1003768135433 -22.221709078304 9.9370502162594 -0.17441059606552 1.1066227647752 -1.8964908975953 0
-36.157195105916 11.371612798362 -24.231448484553 6.2879864965714 -1.0136806395717 7.7093240546687 2.6175533600048 0
-6.4909342905228 20.258436642038 -34.292682072731 9.755474302483 2.0982795510704 0.65417433391546 0.1668993871539 0
-40.684646168814 32.505130840569 -37.287129284208 4.9001686349388 6.8815498663078 -5.3509455974325 -1.5812579751747 0
-41.271363360729 36.489238983046 -18.51840676039 1.8562194502284 3.2223108760506 -9.2828423433062 -0.44935315247723 0
-6.1828028503484 49.271268442929 -28.606847450421 5.5900721480873 -7.4668947878742 -3.6050763661807 2.5214501990915 0
-36.243599512587 -41.26530363338 -38.02461823028 -5.6061187728334 3.9852697979401 -7.2587228175838 3.5487615727753 0
-26.895301726466 -32.952073972676 -32.200411094446 6.3384873205373 6.1131423724979 -4.7384669272835 -0.83085179465514 0
-9.2487872397958 -27.217475580542 -12.859262404137 5.5108359944051 -6.5471405914194 -5.1735516542273 1.0022202348214 0
-1.9614560332123 -13.861163084631 -29.971957946578 5.2498823079421 -8.4790451178802 -0.73792251741458 0.66945627149067 0
-45.153601569311 11.149547917818 -12.273622162773 -3.2997476226937 4.9533028483153 -8.0359477673388 2.2604065588437 0
-32.424911550025 20.017620436535 -42.256435726151 8.4441331574786 5.2211936077685 1.1982289134249 2.2563327909941 0
-20.971306789797 17.741228921255 -31.645505808991 1.3418206600474 -9.534032668108 -2.7021729033724 5.462437354382 0
-9.7135496905947 40.16329882515 -4.3790090602907 7.5336128104571 -2.3087021404283 -6.1574810149036 0.70985657092262 0
-30.570114600296 -43.707934459781 -22.829067305484 9.3930975239362 -1.6268266049238 3.0204559429557 -2.0616544863084 0
-7.8935436859045 -48.652496385775 -24.42670376168 8.6639822316431 2.8128378985969 -4.1259368446438 -0.23940002822136 0
-46.489184034943 -32.407199957486 -23.933199704203 1.4635920196695 4.5360515747789 8.7910257940075 -1.4727388487327 0
3.8163835810764 -44.107201915812 -35.975257418438 -0.89627515691287 7.0639171922627 -7.0212366961922 0.41719487701814 0
-17.571266716629 -23.89144814216 -29.192148061255 -3.5109031894559 1.6061835184609 -9.2246264585236 -2.5898022659785 0
-16.349664666102 -8.3886950490645 -30.022390262044 -3.7182629259304 -4.9265554264101 -7.8678823354293 -5.0998475540549 0
-11.078182799267 -3.0133927957585 -8.8733745439927 8.3733011728107 -3.6113244385298 4.1044077854283 0.55254897513515 0
-8.4894234161784 6.4619857471776 -26.439668768706 -6.4192839688171 -4.7844434933618 -5.991818904683 4.5624027667148 0
-28.518700639337 29.542397919628 -28.840862524771 -8.9695083682696 -3.0267155710969 -3.222873327207 2.3230133171449 0
-12.457593131696 32.317016728016 -26.207516354878 -1.3148489990079 8.5027455732698 -5.0965174213426 5.8238205426648 0
-19.722966352966 38.982530485277 -23.235191201189 7.4496959344869 -5.8396277351417 -3.2250237826493 0.91255626229685 0
-8.778539544872 -49.216693473864 -20.098317195735 9.5032891243282 -1.8522197815932 2.5013551727214 1.0031479724066 0
-24.701823435517 -21.362172330449 -4.0737382236719 1.2057923480079 -9.475023259839 2.961418416738 5.1388913190639 0
-26.996496604638 -44.81195616061 -35.907924622311 1.8667292839323 -9.53947043776 2.348153646509 -0.68106676286234 0
-25.151414693616 -24.350755012429 -17.598565557208 -7.5826471089025 4.7144146117162 -4.5030831316653 -0.83751026445423 0
-25.201687317217 -9.4522500989255 -23.084243757516 -3.199208905902 -4.7267425008518 -8.2111489882378 2.9736892499921 0
-24.854071761065 5.4463319882807 -30.825579035962 -7.3403394580068 6.7904942956964 -0.092757001584129 -0.52452846364616 0
-46.295572102254 5.2904959359733 -21.796558607381 7.1414667288323 3.3320173811748 -6.1560631196026 -1.0747491720051 0
-9.1066259034883 15.417869515487 -17.245252276134 -8.6228716880622 2.7935477008044 -4.2239998928202 -0.45956342596403 0
6.4844187309518 22.680935326535 -8.9737562143582 6.8919617848157 -7.2395308187939 -0.30009378596293 -1.8648103536333 0
-9.2511500662486 30.867869892792 -12.50654745923 -8.2208786652225 -4.9928195476646 2.7365867309749 -1.8179695856575 0
-16.962650635206 -46.447461976845 -14.718558727936 1.4423476718657 9.891396711337 -0.28267347313661 -0.47419998525468 0
-5.6524707088544 -38.542517467078 -14.503803346228 5.2915467069454 -2.7169901466416 8.0385009791172 -1.9466756997288 0
6.0102570250806 -41.902974510172 -19.593556231942 -6.9665963603147 -2.158803599276 6.8414985326464 -5.9531773057777 0
-34.001487700132 -16.113587446116 -11.732702732498 4.259852360276 2.083710343525 8.8040791155542 0.16602253918047 0
-12.373643454802 -16.834197515437 -18.739768073719 -6.0054834332068 -7.7661704006746 1.9028310595436 1.6777771787453 0
-20.780061064296 15.950801301732 -11.923499482073 2.2066946209089 -6.0055068952808 7.6853357623975 -0.77437691012793 0
-33.512289188374 25.161277426912 -17.005407713445 -6.3035834226195 -7.7279950315996 0.73683704144636 -2.5997145243797 0
17.644428079872 21.767071731412 17.892163130958 -6.7865439592782 6.8454755757059 2.6612563257227 2.7024150599505 0
2.3979376986748 10.192611074215 -8.669012231479 -2.191630729967 8.9515667730892 -3.8815212288984 -2.4339267222246 0
2.4999117811867 39.605684133637 -28.166082443027 -8.4790154668431 -2.1226873256776 -4.8580340911158 -1.4617912285017 0
-49.078543804229 -48.848662814679 -23.566006234831 2.0912613196118 -0.62701009694657 9.7587644930812 -1.9439104826597 0
11.297083055963 -29.901222469524 0.98725621014448 6.9157325447578 7.0412882427899 1.610249437611 3.4923401678829 0
-19.155528993789 -34.321256474486 -12.02912874367 -5.2540187078308 4.0453668749639 -7.4853386205775 1.5419197577074 0
6.7505649414275 -10.995143233489 -10.346045018248 7.8257748994878 4.9439960173018 -3.7834046312085 0.086144220045709 0
-3.5685229083194 -10.788342273231 -13.614962118184 -7.8943791561588 -5.7848771359744 -2.0527966924386 -1.4188675730309 0
-9.2462959667842 5.6141684460899 -11.785496298356 5.1146161106844 -6.0124578036461 -6.1393039670392 3.8315995462101 0
22.923902794656 16.195743969209 -0.2898868830428 -3.6204680910562 -1.2078130099353 -9.2430189080557 -0.26035583320206 0
-21.329434453399 14.38185545929 1.6201451780693 -2.8208204253556 -4.4150988423078 -8.5176214015739 -5.6106387848745 0
-26.0356916978 38.224320763013 2.7190065565358 0.63777257026083 -0.53388466436332 9.9653506367704 1.7136245937059 0
-29.547981990935 -48.470737663934 -13.603513962075 1.3028488316799 -4.4299487422976 -8.8700698454074 1.178546079987 0
-30.708104091956 -32.492015458564 -11.198570593048 -4.3060242785113 4.1167608511229 -8.0318388310233 4.4729587343155 0
-33.1258447133 -41.585233455566 -4.6369164377898 9.7722879696877 -0.46968760752246 2.0692465751661 2.2729251735618 0
-16.060108189278 -36.796739218903 -1.4073002655057 -1.1928179170559 5.7389194104895 8.1019744147126 -0.26379729957821 0
-34.719625641593 -24.302454851337 -0.27997263490522 2.4568236921094 -8.4372391730326 4.772526844653 -3.7834364064566 0
-31.728192179785 0.13903735349129 -18.640725035218 -4.4410435039646 -8.9028519744304 1.0081464761012 1.7421954888344 0
-24.007223768474 1.6944198400523 -6.9683975263326 7.8064289943441 5.1768590083972 3.501399315051 -2.4648512278993 0
-31.558926170488 11.559787197712 -7.2920793508809 -2.1415441452696 -0.19589766738626 9.7660336256729 -5.5247503776801 0
-42.591320257253 25.354057309057 -5.9376935059626 -1.7491247270796 -2.0425701294323 -9.6316390067044 -2.8089506642666 0
-37.026302938921 -42.781432430893 6.2286327047465 -9.6887016281324 1.3117543662567 -2.0996097836576 -1.5118935846276 0
6.5507298692667 40.225415037589 -8.3799567468149 1.3946328683661 3.8999308123849 9.1019524730183 2.3384720383899 0
-3.7576996262491 47.409229573055 -6.4543157208129 6.136019334609 -1.0536923094297 -7.8255350770636 -0.7553294792827 0
-16.03828969662 -30.159860215938 10.586185466023 -9.5496299325225 0.90407885891425 2.8261651701085 -1.850663325729 0
-38.586033235916 -31.230300046536 6.5863488918818 -1.6343917715491 -8.4928742395714 -5.019945287343 2.0162040136614 0
-14.531467931355 -18.5710528845 0.35146710099621 9.3864146644895 3.2074952812165 1.2677514611428 0.58834024337981 0
-30.086482512645 -9.871852272601 12.446340973261 -7.3771677986656 -6.7483838992032 -0.19159858899879 5.8695422147843 0
46.289448973085 -19.662827102179 0.58026367873743 7.5464774206919 -1.2195181240704 6.4469724742744 -4.9624486775305 0
-15.20499123497 3.6411697696461 10.328439598077 1.0208815103597 3.3050179028417 -9.3826785942875 -5.5018638423364 0
-10.672832971307 21.854950303355 -0.52457944977564 9.0261597662732 1.8828445042349 3.8708314929202 0.84071306711081 0
-5.4343423113942 30.547451200209 -1.0768562739959 5.2776407581879 -6.5091973400855 5.4568175721145 -4.7157119616633 0
-30.051526837396 43.264315382341 0.68477220255187 -1.6201326324013 -4.2913166413186 -8.8859311125718 -2.2519810283506 0
-15.795926346475 49.310905337388 6.2566028935369 9.8501950843858 -0.64007837064132 1.6012359223357 -1.0787648984988 0
-23.865214764955 29.734091377121 -10.400087791805 -7.3178036815298 -5.9923471686454 -3.2467714254342 -1.694090662478 0
-3.1699610016558 -39.165290863525 15.926304274972 3.6448132195357 -7.457870511132 5.5763342828319 4.6428907353346 0
1.1950357142793 -27.230472098302 -8.1641827864978 6.7966234978484 2.8448354322531 6.7611256749074 -3.5133754494119 0
-24.473139280215 -4.8350542276122 5.693173083672 6.9650318092785 0.094586192033674 -7.174913612582 -1.2125549170421 0
1.0429353989396 -11.968363625925 8.7176543351507 5.7584210604974 -7.6075583420506 2.9942683517541 5.2156696128748 0
-21.182514638862 12.427374334904 20.753764895491 -5.0678764541346 -8.608638378802 -0.45604112604604 0.42608971775499 0
-19.277436037845 30.969914385549 13.847928895389 9.0439469326972 2.9613339599947 3.0720555099053 3.6247669701901 0
-17.489836977588 29.451689346024 1.23464414655 4.1238804952958 8.6216904289315 2.9427986353454 2.110758571144 0
9.7311111086341 39.282545324713 8.6006220580356 -1.1316145937643 6.6477376532205 -7.3842421754121 -0.88759909830279 0
-37.753263292533 -44.372318963264 18.856960222804 -2.8014836978017 0.74186780040892 -9.5708579164915 -1.381421439352 0
-17.973936475485 -41.857376855115 5.2640779897631 6.9511864389832 -6.5819260330742 -2.8912379330722 -3.0369756390506 0
-0.43033985488811 -36.38972684071 1.2155559448785 9.1173568553048 -3.9421534417142 -1.1546558859712 4.2864061914143 0
-33.030028453444 -21.050054577668 12.732691500724 -6.980734295 -3.8704922052665 6.0240052117824 -5.0098895811284 0
-0.41395750537388 -0.064241117780423 -3.8121221933766 -0.29386648891749 -0.99937741705749 -9.9455963755306 -2.4098882986541 0
-36.3842922913 3.9321628114432 1.4029270082589 -4.0508610243731 -9.1270041369196 0.53695478940659 3.7666656114165 0
-6.6150492870325 8.775908764499 23.711950329161 2.0045988372261 9.7738494797464 -0.67338684947982 -0.23062093342986 0
-34.640214376022 24.443582518553 14.210446811873 8.8441240457188 -4.6163615741421 0.68605807387105 3.6848745969086 0
5.9144795751964 22.504493913965 30.728871601701 -2.3215083854896 -7.1149479247463 6.632353642882 0 0
15.711226019974 -45.820281387135 27.098956917888 -2.252533099941 -9.6193362376852 1.5474058872923 0 0
12.864406255894 -45.861506880956 44.999188810661 0.88832592309317 -9.599935078525 -2.6555834655431 2.0163191376553 0
2.6712246320198 46.778139726479 5.2504251186752 -9.3915852039105 -3.1754952434233 1.3093346847486 0.87263056183467 0
-27.617981271163 -35.218776774102 23.752637253502 0.34285025632715 8.3444808881081 -5.5001902157775 1.1441921180465 0
-8.0383532650071 -18.444871445211 15.706452057124 9.0927494483185 -4.1307317469525 -0.50888378321829 0.4606544592907 0
-15.87391694668 -8.8864939802741 8.3962392629628 -8.1404368603378 0.29038317355279 5.8007728222514 -0.61157025191449 0
-23.877160425988 5.4782153402773 13.341483051923 -9.8803314897701 -0.80126994620228 -1.3179590758332 4.3365584087914 0
-35.617631679944 16.465138108204 14.094975129497 -9.8700494256304 -1.5124843417101 -0.54269277837015 -5.8681146666347 0
-11.947614996253 22.828914790396 16.803106919495 7.7214535765927 -6.3522750415518 -0.16660270406271 -1.2795496249372 0
-8.9630970221554 34.321018868387 11.076077253494 5.4891037087433 -0.23624408589832 8.3554730091443 1.6707184670897 0
-18.080213011856 40.394619619134 21.721582395338 7.7170995560877 3.972232288759 -4.9666633755038 3.4209092866159 0
-21.873205805461 -38.948145645616 12.316949344248 6.3490689174057 6.9940268455314 3.2822115053756 1.2056414005417 0
-32.334424665912 49.644486330691 15.483549458481 7.0397375488324 4.1153252365185 -5.7884534585011 -2.8286747872752 0
-10.548347420053 -31.522903122937 27.315239327257 8.8497624160073 1.4844702097664 -4.413394767811 -0.14604360293375 0
-21.137764933484 -24.371539579002 24.622413394278 -3.5184856386926 -1.9792029075247 -9.1489351654255 -2.5699660728761 0
-4.4514307534838 -1.6982791999574 12.617344007926 5.2519962998688 3.1049420087086 7.9231224898219 -1.6141534771547 0
-24.506680427253 3.9961680505857 31.525452114114 5.9358591445493 -2.2667792565389 7.7218707589673 1.1259812108318 0
-13.833674422729 4.0345198903414 27.558002727489 -0.051608930750364 -9.1935612486314 3.9339252771157 -0.43009928203941 0
-9.5019560030341 17.787317488004 30.783230546198 8.1814859257491 1.7316532124782 5.4831254954163 4.7530737227072 0
46.785995214403 -48.074375405552 14.236498534908 1.6584909359228 7.795941706969 6.039263259455 -4.0105955646098 0
-17.386780765052 32.988730779845 35.327971480096 1.613152764965 -9.2263249767068 -3.5032364437877 -1.1072922746119 0
-22.199954018012 45.893668105775 18.572957721128 8.710321940746 4.843921760293 0.8165253631814 -0.56830374114202 0
49.068818021808 -29.082199574253 17.192645922873 -8.7070212425686 -4.87652177276 0.63821350758 -0.17719867117889 0
5.9971850145859 -34.530237937754 18.245546381443 6.6352865531148 -7.4260240459259 -0.9094719497508 2.0490960864941 0
-36.49192058204 -28.170850304527 20.981521788552 4.2057861214135 0.64565984681324 9.0495572523267 -3.8823413530029 0
12.542935327048 -7.2394573698138 14.488649603727 0.91527456740041 2.8015827250705 9.5558048693376 1.9067950355668 0
-7.7194493159631 10.028584420037 7.889388862336 -7.104744237116 1.4620008089404 -6.8836881800256 -1.2215621922504 0
3.3790407917217 22.01515197104 8.0391332333589 -6.2344672467744 7.6940975289032 -1.390065237542 -2.4456695245421 0
-5.2368439198733 34.486479382506 26.975488695847 -9.4652592441232 -1.4576633611277 -2.8782086385749 2.7736831475141 0
2.6942097520254 11.304520741901 35.761654021026 7.596666175495 -6.4620228929393 0.73001585545771 -0.44393879797228 0
-8.9071532068294 45.703189747837 33.91833568252 6.2744793549117 -7.7539529354428 0.71212548032342 -4.6484551451845 0
-4.6727307078651 -46.562198805756 19.237185345126 1.0126232653579 -0.45137030243717 -9.9383529305682 2.3687511153786 0
-13.682654759595 -42.165964004249 25.68463298627 -2.7213733389667 9.1867956149741 2.8630252319276 4.6778108403483 0
12.423304272783 -29.802389393354 41.707493075465 1.6529960650969 7.8247319628954 6.0034301626335 3.9574271856215 0
-14.775065184014 -20.045966966704 39.091812336343 6.933330115636 -4.0268234768014 5.9760878670159 -0.31690331639925 0
-46.243844733474 -11.702770570586 48.024039141358 7.6434337434824 -1.3896252385764 6.2965754426756 4.5312626368303 0
-26.420759572475 6.0201694419616 45.410338731656 5.4499141641119 -4.5751062948526 -7.0261538550343 -0.99806400313803 0
-32.759273739674 7.9621103242579 33.20403663834 9.4826558098293 3.1246052110732 0.56221087435643 -4.0058807825532 0
-46.88218946386 15.567023749021 16.542399491061 3.9354232708237 8.8938788556931 2.3262335608694 4.7514927602464 0
-21.318931281447 45.589430206537 29.358050638867 -9.3399145623791 -1.0654670487451 -3.4103923433377 2.3289673033469 0
0.61049319283526 -34.647559664156 35.769964169673 -3.9073628466456 7.2425815506599 -5.681331539938 -0.69420037647725 0
-12.614290147412 41.386070256445 44.251012157443 0.94819953413376 -6.67527636914 -7.385228705942 5.024488491726 0
-13.85212051893 -43.373620371685 35.35209825245 8.7680699174056 2.8358821995696 -3.8831330229147 3.9739241607336 0
-39.227266382629 -36.745285747311 40.475605399355 -7.0046187210166 -5.7473075070821 4.2312850284778 0 0
-29.895177840339 -7.3396702585752 29.524891959694 8.8221132500356 4.7048417824889 -0.18649827155437 2.1483232673274 0
-19.431127130278 -11.441540280343 28.154185256591 8.269266194696 -0.29612582218858 -5.6152957267352 -2.7826665745768 0
-7.3800537163509 1.1286464310508 35.474742002171 9.8503830885916 1.3877772703646 1.0217765195225 -1.6050697466585 0
1.2395837752789 -15.068870617228 29.48195028343 -5.1997161991849 -8.3179486864184 -1.9428538540106 3.5435089110655 0
-24.462590099562 24.181537859787 30.406779137696 0.497051588463 6.8465744747458 -7.271681901745 -3.9282198034628 0
-44.703847488161 34.490144152136 42.648739272665 -4.4168666798044 6.8042528115221 -5.8475150628047 6.0784511876995 0
-27.894120463648 37.468205576875 35.193439009083 -2.5897824197075 -1.0925754961421 9.5968383233127 2.4162205960691 0
-45.032884672702 -43.607910221088 33.519699533909 -7.4828595322416 0.96920260105678 6.562580250088 1.2021513290892 0
-10.728384386097 -34.596544776451 45.673052378999 -7.8422956000073 5.0458483125063 3.6107913993035 1.4144487084657 0
-5.6033234746147 -23.655909729724 39.930415274243 -4.6940755713418 3.8767893664291 -7.9332312924101 -4.2700835492545 0
12.754280427086 -9.4015252300973 49.020431854359 8.4159754758156 -4.4182257113361 3.10654765844 4.2582228226353 0
-6.1019807218728 -11.356185517927 40.589458381594 9.3999670483865 1.1223468249191 -3.2219492692843 1.4597136274327 0
6.4400776675721 8.7128870165631 -48.274611057065 -9.6102950340983 1.7831555483896 2.112483289362 0.7384753490409 0
-43.322131841567 3.7440621056023 48.373717602661 1.975348574044 -4.6587982812027 8.6251722641397 1.0051461681387 0
-6.8138747310018 14.32614875819 44.480357444976 0.91644078726601 -7.8499869356412 -6.1268133147418 -1.9118917845031 0
-1.3585145787414 33.17212671696 43.079109152957 -9.4901867052414 -3.1123332957413 0.49973768707114 -1.4397230895443 0
-38.761812996763 39.769460199035 35.154951494972 5.6681717878177 -6.6796640285952 -4.8222315424375 -4.2661986194522 0
10.399076975422 -40.995316487068 -44.659493166368 5.9457831711079 -4.6713102731646 6.544197644784 -1.8434704797562 0
-6.7624752072156 -38.867672388484 49.705611861915 7.888185030929 3.4306907295058 -5.0996958768451 3.5134783184843 0
-19.367491880896 -31.584926925884 41.407268923598 -3.8725635869445 9.2001339581592 0.60065498998774 -3.6048873201701 0
-5.498780256393 0.19437909284599 -40.673844332829 -6.1663164057687 -7.2654576906724 -3.0314462767791 0.23894287572316 0
-37.80023191387 -4.1466323685404 42.403033184669 -0.23602692865923 -4.3994256756098 8.977156844666 3.5231585993324 0
-20.654277282262 -13.651180179302 45.462567201399 6.0786661239995 5.9080725864595 -5.3051386849041 2.7402189860971 0
16.257333400266 20.257605100654 37.540113373406 -8.6533190820804 4.4894505721077 -2.228206100051 -2.7858226470542 0
-12.567111285285 20.560516169754 45.714825632253 9.7949601293788 2.0043977133113 0.20284444964493 0.38311627997136 0
1.3512365083305 42.368822091864 35.046252897488 -0.72003482932155 6.9187771229733 7.184154297284 -1.009144167577 0
2.2527951518071 34.346991062491 -40.2145139646 4.9368973323262 -8.6213804243358 -1.1396685083612 0 0
20.693484712528 30.314417866033 48.558883324657 -2.2904615429969 -3.2925303895468 9.1604055343617 3.8788183236987 0
34.908761964258 -44.138535303203 48.49852518723 7.6936681391097 2.5031054359323 -5.877238615358 -1.825127298863 0
4.1993573318545 -24.056492470443 -49.140833093751 3.1454530247952 -7.2554354047206 6.1208481729849 -1.0392145958258 0
11.519418188399 -24.220844503529 -37.267235025838 4.972440400398 -8.6498299924501 -0.67474259254927 1.7382444790811 0
27.858370828865 -15.326616554563 46.619394030801 4.7352851871163 -8.6738985941637 -1.5298880268968 -3.8495615044714 0
-27.319251908656 1.03577169405 -41.840769638721 -4.5023397277619 4.3951879427912 7.7724680715561 -0.081161970163672 0
27.238967407765 8.3946851155791 48.415167420227 3.5150966674249 8.4041011982056 4.1249458746726 -1.5293366516584 0
38.944747425482 -8.4087170998196 41.480319487438 -9.1125803062873 -4.0638057085497 -0.66810427675944 -3.1043348335684 0
30.422164404857 40.827340541913 45.745010308726 -3.9299624835538 -1.1545755380492 9.1226284701723 0.19696516749374 0
-42.338789312347 23.297161700227 49.156748388186 3.8781075471117 3.1893602318798 -8.6480207657209 4.4753470739159 0
-48.60469789394 37.734995956407 48.457530706379 -6.4503077408916 -4.685600732246 -6.0364456284944 -4.6007055385797 0
-39.346359681721 -43.839371277006 48.507119159094 6.0294324339974 4.4781244654502 6.6024499843464 0.35983078333078 0
-47.782209872714 -30.01034704517 39.449008045599 -2.8079493565452 -2.3043320450871 9.3169455422398 3.0150266743317 0
24.791076725397 -38.476980179926 -47.722288229817 6.4207876964474 -2.6155744515734 7.2064037942254 -0.26704088628051 0
45.151397078019 -6.2079101454836 -27.458658442915 7.983536950547 1.9566247076145 5.6951521062043 3.457364950411 0
38.412527131698 1.3226183463791 -37.542958202775 2.4986006193265 8.5272121259251 4.5873356433312 3.0072626649227 0
21.757229221393 5.8058740425246 -47.339017850525 5.4783532659043 7.1741310284245 4.3034276432807 -0.51205751576472 0
47.438710794007 25.400441415538 -43.953776052033 4.4948117248843 -1.6179153336521 -8.7851589360111 1.1404013453281 0
-3.3342713571541 26.195580478482 37.363863822674 -9.0483734614046 -2.3706840064851 3.5364947397592 -1.3298422912065 0
27.210481291096 45.975775943579 -47.616689725717 -8.8090743151874 -2.6698291470047 3.9079690422659 -1.5214094847606 0
46.281441786465 44.724473155788 -23.808912051489 -4.332115351545 8.0913379690105 3.9702678061003 3.9346759309548 0
47.260527844301 -44.006219551277 -41.853968574388 -6.6589686755146 4.7572887088681 5.7468548197246 -0.58833584906973 0
42.701440647928 -28.851481337541 -39.934592840984 8.3354139250316 5.1120564894606 2.0946964331265 0.72294773876094 0
23.532559126701 -19.339262592437 -41.702498263341 0.74648766560106 0.95396767638694 -9.926363978694 -1.5101763019308 0
4.1051601375253 -15.113998479265 -41.652926139411 3.8352997900029 8.9820068277928 -2.1480290655128 4.3674159589473 0
11.718803489191 4.2680161530131 -36.929203126262 -7.0284816010561 6.0642650896875 3.7182166835208 3.3525072274646 0
49.535170184222 12.269015146432 -38.117444976283 4.4341794129596 0.6054754054007 8.9426759120042 2.2990767895782 0
35.132413037219 21.040758333573 -41.70454765964 7.2811391366532 3.103185966691 6.1118941195695 -4.5072347637179 0
41.259005919881 36.035812704709 -45.769878421475 -6.3937067267514 5.3631818777861 -5.509700031588 1.8649517961861 0
28.911582105525 42.544081197413 -38.819858748826 -1.0041592792507 -9.7601278101993 -1.9317270175855 0 0
15.486126140426 40.056061764799 -40.518623083434 -9.9383624817998 -0.4767449307629 -1.0008323792449 1.5568009938158 0
23.272797432033 -21.953326934323 -17.09731721566 9.5283250344941 2.9748828400337 -0.60091107920128 -2.834431021625 0
-43.94270150353 -37.580462368534 -35.614908515604 6.4886634139669 6.9381955395793 3.1238901636915 -2.0004224523985 0
17.181777380817 -30.496901756379 -44.879025729254 3.8091891297994 -7.9906260923495 4.6518784190562 -3.5364536071068 0
29.60136852718 -8.5341442929617 -41.49128914159 -1.135760494482 -8.1935677313218 5.6192077672405 -2.6652920166256 0
43.121996073806 6.0138727471781 -41.434815643045 -6.8373286520712 7.0729959203892 -1.7954569373069 0.43835644577601 0
-42.940923478962 13.974452167047 -33.776521872122 -1.6407232081744 4.5967693059786 8.7279859819875 -2.222575122443 0
-36.689286572064 19.942011602716 -29.245488238775 5.0957719989073 1.5173511882399 -8.4694009886591 0.85661673009598 0
28.452938263329 29.223731360016 -30.782239675467 -3.4930090872539 -9.3701028099211 -0.007800504530456 -4.449927333355 0
9.6505611668311 31.909918754126 -34.214883435588 -3.9942553181703 -8.2272462874691 4.0445448419562 -4.829758313663 0
-37.804223025081 49.146852659341 -23.023924972635 -7.2190785918773 6.9156733308148 -0.24159194058621 -0.54976218558135 0
25.505273393215 -40.794091357419 -38.096528949253 -3.670784474946 -9.2387510173121 -1.0820448135867 2.0112681078354 0
12.281559542048 -13.856926714972 -28.183434869124 1.9778726619953 5.0942047096534 -8.3747894367009 0.2923370954695 0
40.755731629814 -18.659257727412 -27.695649760939 9.8937027045099 -0.53365380260091 -1.3527233322975 -1.3627799503998 0
-33.695026782743 -20.590037442579 -29.078343360299 -2.6540612994208 -0.54151434331716 9.6261477671444 2.4919960865289 0
27.123445445758 3.012616353848 -30.203312609809 9.8997515032479 -0.083307884803528 -1.409957435624 -0.50881349715508 0
25.374637658613 13.877223133994 -31.485070461103 -5.8398859082154 6.7231482599581 4.5491768545144 2.0411806652067 0
16.818574220026 14.751879268706 -36.056347922981 2.6382283795407 -7.7946329935027 -5.6818524720363 0.62000944353989 0
45.953247204594 36.750146581379 -34.161693199872 9.5711115325047 -2.7293616387391 0.97180711940975 -1.6405947682453 0
27.357791775888 -49.593012547159 -23.661831523403 -1.3155194421455 -4.3906819537429 8.8877061482935 -1.6865916111684 0
41.905624518768 -45.543945436092 -25.347628636518 8.8064152852111 -3.6175079312544 -3.0595238504892 -1.2916491258512 0
38.341305214042 -45.44845444319 -34.816992077398 9.3580196219327 0.16384535385639 3.5214518959573 0.85624015668101 0
48.428020330306 -23.483243421244 -35.538380984304 5.1227570286265 2.9984266951071 -8.0477821652755 -1.8302990660892 0
14.238201927576 -27.928940653112 -26.55106835917 -9.0724415983253 3.7561546677212 -1.8926451218157 4.900570922042 0
34.685363506818 -11.617163402145 -21.45361696918 -6.2084313082564 -0.75258963396555 -7.8031397227981 0.90987322798406 0
-42.805139586408 -3.9704175753596 -22.674949701317 0.64994652301215 -8.0386397362079 5.9125155990224 -1.9151638058747 0
48.617465903392 13.686875738486 -15.286809922676 -3.1938790727469 4.6404482299566 8.2622864083595 -0.93239725156137 0
18.510039749172 23.593429707499 -22.858206934168 -8.2899055515451 -5.5258202321017 -0.86184494484659 -3.1415926535898 0
48.855106632313 37.472643842802 -18.79009628031 7.2302490175191 2.2268889288397 6.5394544759693 -1.6020666518336 0
14.115965780817 33.40041550149 -27.238436905342 -0.86344279305376 -9.5091811781853 -2.9715214728436 1.9060847462573 0
42.359735491184 -38.114178110039 -22.490488470828 7.3767060592827 2.0660125837429 6.4277367493355 2.6168289467566 0
15.227319114602 48.9891047997 -26.396984482361 1.3067095152941 -8.7631063031059 -4.6368608091149 3.9205106080286 0
34.353136699733 -27.909933841456 -28.420207862116 -4.8787026193193 -8.7185229135284 0.43083518719583 2.8817940700833 0
-46.468080746036 -18.194605678844 -17.225491860455 0.97003352542791 -0.92538111155783 9.9097277842491 1.1353484051976 0
27.467363977871 -10.82159383337 -12.416751303704 -4.4843956024716 -8.8001090406252 1.5646970804726 -2.2012819939282 0
38.63040659119 -0.11036436983333 -21.694958962197 -9.3230273163331 -3.6143451434574 -0.13293172259503 -1.4593516383277 0
29.566724879883 10.310904769366 -18.070336411258 7.1348076299578 6.2363852564663 3.1940599581764 -2.2667630613087 0
36.982544056134 23.185362650513 -30.030401133579 5.538193979708 8.3219566019822 -0.27100877818215 0.32336790998361 0
-45.839604049615 33.322592276525 -7.6349015083095 7.1678458952548 6.2597829642557 -3.0719867288602 -0.61627015660445 0
28.452463271484 35.50506605607 -19.170452775805 1.2814393637721 -9.8481611277209 1.1711684590282 -4.6135088239281 0
36.479161168076 49.555033116213 -14.087426897616 9.8140993264097 -1.9107726216255 0.18000666601696 0.53228095925329 0
-42.130117339987 -44.96432412142 -15.501537541587 6.1443222377856 4.9657100317262 6.130989163183 1.3996097741527 0
47.662274295814 -25.954184328748 -13.04092530008 -9.8265991081222 -1.8523371190884 -0.082444924038344 2.4721292591726 0
12.792609345145 4.0524859274614 -24.349574751149 -5.6432712445655 2.188505075171 7.9601466818276 0.020511126589757 0
-46.031596291716 -20.319367718029 10.25510397365 2.1443192436271 7.4954325096568 -6.2626181804889 0.80427569066844 0
21.2295401057 -4.0927883544658 -19.765151699704 7.0363900222116 -6.2572213438136 -3.3669565648884 -3.9791204100491 0
26.537434038882 11.572323558793 -15.961378378516 6.2757897956701 1.1509854566835 7.6999801895243 0.95836313269034 0
45.516424420948 24.029788948205 -22.62768414447 -4.3602377461545 -8.778823142854 1.98004823767 4.1726418470796 0
44.351743715641 31.633517544348 -9.8524808943822 -3.9416986739756 8.2994236750068 3.9474774510204 -0.96709441194025 0
38.349759678294 34.306435389142 -20.509779550877 -0.44827161447464 -3.5065727369128 -9.354303833017 -0.41381717350708 0
24.181814830214 -40.236808571744 -20.330033708355 6.7988697835455 3.3673800240508 6.514301300985 -2.5137527871915 0
36.09176068655 -40.740655022565 -9.6348680700533 6.7168772570437 -7.2084089008606 -1.7095031534933 0.088851629830029 0
28.715673184874 -30.035282613477 -12.279347113283 0.6598717451622 -6.6175134490024 7.4681379896336 -3.6296121655793 0
-49.352363887376 -7.123790880768 8.7214731701379 6.6060720746691 5.9239839592443 -4.6115318273751 -1.8536774743755 0
-48.442791989879 -7.0007206555451 -9.0009899467629 -3.4379896959146 -2.2417133550573 -9.1189334949073 -0.6001038350174 0
37.539968302817 10.364204940506 -1.1694518765619 4.7310786058187 8.5929072916054 1.9439237391006 0.60574518821274 0
-35.352494645389 20.666444825377 0.13513681440851 -1.4368660612291 -5.2504879538761 -8.3885512556275 -0.3493255857967 0
36.80185362827 18.108067823069 -8.1584227694546 -0.14478371328033 2.6583467591666 -9.6390990338515 -0.26151450340232 0
2.9272398093481 26.753847391683 -21.14550335747 2.2119653842297 -8.4085758554003 4.9399454676088 4.0246410521413 0
28.399559901105 29.404661124763 -4.5957065023614 -5.3641554618318 8.3699169705593 1.0818161060198 -1.3730200901485 0
17.537085008599 49.151426582088 -12.515064986377 -7.6180673559166 6.4611202580029 0.46794740339341 -3.090028702785 0
11.623571102579 -38.643640539956 -10.43933446061 8.4651082486326 1.7790716343537 5.0176534813367 5.5097254229183 0
33.438094199736 -24.24759682626 -8.4397837749225 -1.4752336744415 6.4722195640582 -7.4789076421905 -1.060967005786 0
5.6360498389946 -23.869080374283 -19.228785626641 -8.0797157339341 -3.981802084122 -4.3432068591881 -2.4460938514609 0
17.688479433509 -1.8842055201813 2.1608238198799 -0.67546449544805 2.5100517045595 9.656261603531 0.85619001920556 0
23.500401574364 0.26932865775388 16.766635982383 1.6092753475164 -9.3815125407995 -3.0655269208893 -1.3910259924104 0
10.39297820708 14.721684066927 -18.543212034148 9.0196338006276 3.4409736536246 -2.6088132201515 6.1401975191384 0
15.604399024441 25.843420253495 -10.235764560138 -5.5660668341208 5.2093774058958 -6.4715753137117 -3.9145091906795 0
8.6269007629864 32.307711675864 -0.58585763677679 9.8122853220944 -1.2450351030322 1.4727336317298 -3.0713989360384 0
47.855628601524 43.89843930963 -6.5186217871886 5.5321160282283 5.357144325403 -6.3793962823312 -0.61711295576057 0
44.966900455262 46.777759516046 -1.1584813282072 -1.6120795029503 -6.5657852168234 7.3682877361509 2.7279989683999 0
25.724786485361 -40.52421063021 0.95988029212633 9.4516653824185 2.9855386718892 -1.323850572174 0.39347055271958 0
13.243791767758 -26.590400774204 17.86195331171 4.2584043317876 -0.066149817035084 -9.0477409748908 -3.964159247687 0
32.439014569763 -17.539169014657 1.2032281913095 8.8844331764659 1.8156910350916 -4.215461208219 -0.69889603773149 0
42.224989744354 -20.614483558454 -17.056545431867 -4.7540711954297 -8.7975186819659 -0.049720310205734 3.2604954048053 0
17.942677783378 -7.1691391098578 -10.18297791717 -7.2328340363747 -6.5507337169031 2.1849484141481 2.5210740895856 0
11.636311307196 14.35501470206 0.21113989801335 -5.0465087752475 -8.6328989386828 0.076191179540061 0.56661979053868 0
-47.655868159238 15.426009386649 -2.646554533222 3.3264731838859 -8.9958216485476 2.8301535337169 0.39738135557879 0
31.659729834948 22.153403451488 -18.539830419252 3.2178185972445 -0.20595271515013 -9.4658981060621 1.6013075364204 0
11.229404923134 -46.482790313726 3.3201355272367 7.4746730535929 -1.2884781754491 6.5168310345814 2.1325250852399 0
32.817396149395 -47.482635185065 5.3725998969375 -3.8970153569071 6.0747985447002 -6.9217117788405 2.9137107877631 0
-44.732479603408 48.181909384106 -1.6439575113332 -6.3237471817762 2.4109623382017 7.3618939264805 2.4952690428508 0
36.227017902568 -30.832604125056 3.5669065571924 6.4828714762854 7.013561496463 -2.9635000518468 0.51280164053058 0
-46.079787053831 -38.084741244643 0.846551194468 -6.7133876889869 -4.895611497626 5.5644778552593 -1.2627558676096 0
18.832081275098 -27.455428643758 -6.0088610440663 -5.6142261986082 -1.738321576568 8.0906552446201 -1.3514815252586 0
49.051745038491 1.9994101662881 2.6535475907804 4.8519864532123 -2.7136195136966 -8.3123099432546 -3.904315752948 0
28.177738794173 7.2395911409792 7.2075871455417 9.5568919570371 -1.4848200017645 -2.5418744429811 -0.18096881423022 0
37.766927029298 26.36635802663 0.63877402627339 4.1493434847667 -8.9884530925466 -1.4109073848108 0 0
-47.557912821161 28.355479122301 5.5111499517552 3.5724751543315 -4.9266272387283 -7.9350970581528 -0.89169564626504 0
19.765318304701 40.586324041662 -5.2603391937151 -8.3333795420599 1.0660544789365 -5.4238651583457 1.1061089738194 0
28.835480410676 48.290987252435 4.2624878474331 1.769582691001 -9.4376328801096 2.7927876252919 -3.6318005755437 0
17.688207552611 -44.918779070139 12.420071589723 -1.0646615449252 9.3718567228673 -3.3218665477114 -0.80943308263539 0
44.731252030891 -29.755372632556 -5.4675406913328 -8.3179242361277 -0.54758922372263 -5.5237923969047 -5.7863150096164 0
12.468298676287 -13.35249328447 0.50021780346904 3.9993195279887 -3.465282699966 8.4851198649379 -4.3994212853814 0
-42.940802665044 -10.155770761392 25.020406176924 0.95047138648769 -5.5216639137499 8.2829844722213 3.0472688125647 0
36.743976126331 -8.2087836317551 -0.95168961000164 -1.4031511884147 9.4598472061165 -2.9227482921697 -0.19914603821 0
35.915432409361 10.715019535578 11.099692925697 8.8493413936047 -4.6178367205116 -0.60393784624606 -0.55718128047555 0
24.744806515067 29.88120672187 8.7379713473018 -8.007663183739 -2.3409397339766 -5.5133775036433 -4.8300934925398 0
-44.112796473581 39.407910499303 9.0164082031698 7.3862417241636 4.9097387282954 4.619296354652 -1.3638218233873 0
26.362993628868 40.673343064431 18.520877940335 6.3367509727997 -7.4917475179035 1.9285502940575 -2.3211959940403 0
40.633137866096 46.036867669062 18.97207825062 -3.3835360328144 -4.0648763415344 8.4869584800846 -5.3050630780336 0
40.660202132644 -29.091243247891 23.550191842955 0.18600152562307 -9.8657067425114 1.6227242227906 1.484402895123 0
26.002775185699 -26.804450502642 6.597639587772 -3.8361166742232 6.4058246466517 6.6520387444826 -5.4431675690945 0
41.802335538435 -17.909341970893 12.973044090701 3.5819163865835 -7.2117667498336 5.92961173649 -0.77164426924444 0
22.607854311617 -8.3902970826119 8.858784498987 4.7409032639605 -2.2177150198684 -8.5208905832911 -2.4878239064526 0
12.959161952952 5.1885559818618 8.2506663902371 -1.6987945893953 -7.8443907491383 5.9648663621136 0.57736797356131 0
2.7909675881805 4.8896884388926 19.879901088384 -0.66027012547198 -9.840624646611 1.6511056677033 4.1812899558271 0
45.847760261495 16.422575734567 9.521436002176 2.4891850714749 3.4779355670184 -9.0392434346916 -0.91972573908919 0
44.057430047215 37.055393223621 14.800733173541 -8.1007235164703 2.3937096527618 -5.3524230595106 -3.9611852942637 0
20.615254897696 40.311440696836 11.078802165136 -0.90617795151148 3.8313355028082 9.1923723698029 0.97755347677553 0
48.612895975815 28.33285935921 30.392411134964 4.5083156391725 7.8685601111957 4.2143625703175 1.3448645613244 0
26.534725522405 -26.540905218946 22.601491071764 -9.9440293783956 1.026419265699 -0.25048595291497 -0.84775716365113 0
33.546464847026 -39.798975127299 22.111540109215 -9.8632105634205 -0.85336154009992 1.4102664512454 -4.9777235005008 0
43.009360591956 -8.7486425706227 30.511615656219 -0.59473258199452 6.018185113846 -7.9641535075234 -0.54264514856178 0
39.08580443232 -8.8871762937552 15.311431841571 -7.4263977707944 4.3731583728323 -5.0718933344527 0.78990124763568 0
15.248917334121 4.762667992679 27.696665188829 2.193030306907 9.7310248436974 0.705530696944 5.7181050314548 0
30.622559490101 20.425631047798 15.264898502322 0.35276690699688 -2.3455018249811 9.7146372396677 5.612706823385 0
16.113361942761 13.459697049717 18.539507560947 5.69171403928 -8.1085003203523 1.3625761813231 -1.1466119481105 0
12.013605514611 34.743284982178 19.222704079175 -6.5857270156146 5.241384510367 -5.399637773989 -1.5393242306025 0
14.730325025738 43.170476962068 28.646229175176 3.6308344434266 -0.11633935667695 -9.3168399362936 4.3524816038198 0
28.878334893896 -49.909060991652 26.212426361717 9.0440629181969 4.159374996921 0.9510654902187 0.43305815797871 0
16.721017075515 -41.093359088049 32.86812266976 -5.2833804741112 7.5235185964875 -3.934788265471 0.3233488392879 0
-48.474151432274 -17.717611960615 31.345564497836 -6.7193247510394 -0.15750308679579 -7.4044491805751 -0.49422115803306 0
1.2154631568286 -25.777065675319 11.925446274288 -9.2049663998092 -3.3843565212236 1.9531319759902 -5.460022895465 0
-45.27310959841 1.136111914086 28.764687884024 -6.882964956723 5.618357407661 -4.5889926393822 -2.4489958586294 0
33.095847706601 -0.48513989535948 20.908296555936 -2.5132868677497 -2.9896520416893 9.2057248378398 -0.48193431054743 0
-40.564664913023 2.1018657253247 19.243925611987 -1.3508889809946 -1.9536552898775 9.7138215944787 -1.6312377787689 0
37.721568081005 10.121436095504 24.258832540585 -3.4522082904777 8.6578874434388 -3.622601680547 -2.0970294824761 0
-42.601269733963 31.291983272272 25.540311968475 6.1273399639696 7.2955800882882 3.0381270778744 -1.3710465891926 0
27.730821926756 39.87867703963 33.342133646191 -5.4667934584897 0.48408408047884 -8.3594157621954 0.51273882929983 0
-45.01743165794 48.10009163626 23.313059952402 0.21492699769669 9.9729078005732 0.70350294024075 0.18914143998721 0
11.122990726509 -17.542771582985 45.494046246797 -3.3941216890767 -5.9448368324487 7.2896401142513 3.9750841772228 0
49.362124275756 -41.298505997127 27.46738109901 -9.933386920615 -1.1489255165444 0.088286141535688 -2.6717533797273 0
25.235238839574 -37.042137136846 25.451543924625 -3.894019322087 -5.2177259118648 -7.5902536076121 4.10032104159 0
-1.5546132660731 -8.3100638224171 29.939552903641 2.7801074238351 3.8498971931571 8.8005280701818 -1.7145364863994 0
27.086621604676 -19.366856374612 29.059256492411 -4.983964439281 -8.0338227867633 3.2584950358815 2.3924462174211 0
27.828927908378 10.246618167246 34.663228432924 2.9957482274493 0.17852117727048 9.5390577494321 -1.2489871557852 0
21.917965155277 21.975506442832 30.892505275006 8.4751359452053 -1.6411977613138 -5.0476272265836 -1.0136267189426 0
26.40598611734 29.726513093813 31.094917616159 8.5648634839424 4.3160287202995 2.8310792265458 -1.1495880199107 0
-33.228877612828 32.695982549417 13.600889149755 0.19536493817184 -9.9884548001111 -0.43886586455386 -1.6027264554399 0
31.937297701381 49.657681235866 36.366410528445 -8.7898317519734 3.5055955316136 -3.2325930366705 0.65145112397971 0
36.248760384978 -40.517311881825 34.926022112245 9.7595913225774 1.3526875401351 -1.7089802910028 0.82699686431161 0
10.894463610655 -24.927793377587 33.837675355908 -5.5762192801924 6.8005214684531 4.7601141053886 0.99290540463321 0
17.29609920973 -13.988428516995 30.209712736272 7.8361265216619 -2.012383911341 5.8775362295679 -1.7888495266329 0
36.004396915294 -19.343246505353 32.103528610499 -7.999194503958 -2.4843260215384 5.46269269743 0.54878623548333 0
45.082095793781 2.7207087193442 34.505796936807 -5.0947200207879 -5.8781554495346 -6.2841957656401 2.6316528541448 0
47.041439298085 0.91715109794846 21.933874791593 3.0052641497132 1.9635415110655 -9.3334287442917 -2.2129801244286 0
31.755727910132 17.844941758872 44.785460954066 -0.073707116682553 -3.5136238617655 9.3621052450281 -0.66623091770216 0
-4.0728914792289 46.326785544373 16.900633163479 -9.5805813690635 -1.6305348863408 2.3566536901247 -0.54505426414389 0
41.302247925026 38.831982596781 28.062421431963 -8.6246478717161 2.1303475452916 -4.5909768486862 2.893571702367 0
22.105464650615 -49.017410701456 46.807364858958 0.96640185142423 2.1752567445163 9.7125859356301 -2.7231756679642 0
42.886671864347 -49.442578281746 -49.924957397673 -9.1435961086032 -1.6135016540011 -3.713658925544 1.1064105247088 0
43.155182310883 -25.048664444971 37.09873946643 4.8565803302233 -8.7129769594218 0.70545021133532 -0.64950844855616 0
-44.088825597944 -26.455794398077 -45.60585079335 4.4839851649953 -7.5773617703868 -4.7410405651906 -1.3240796324256 0
-35.292971083641 -26.984874415796 36.751682599205 -6.5378557227862 7.4304240568306 -1.43011918514 -1.6892206084717 0
45.712926643177 -13.32019258257 -47.641109703846 -4.4585040652754 8.4516830053098 2.9480155830117 -1.4840144429263 0
14.331234755126 -2.7777690137954 39.403915276561 3.8198613988715 -3.7474570724589 8.4477940542777 -1.8543802205478 0
-44.688192800773 17.083185660852 36.235099598394 4.8587230763616 7.6456880413193 -4.2351227186539 2.5687485400463 0
42.878770740604 26.712133114589 20.844567727075 8.4291899527237 0.46235781986156 5.360502027545 -2.4505424065815 0
13.339591908144 36.517652025675 39.822868880102 5.7723174585783 -1.8431424714069 -7.9550724061751 0.67214636381311 0
-31.061988728076 -46.501378103426 34.914739142536 7.8046337342298 -2.1528670406007 5.8696555077805 1.3022677846876 0
44.769911010019 45.362855936249 -36.669354210128 -8.938326472015 -2.9800739574111 -3.3504446105013 -0.33083022035185 0
37.414905020425 -33.817049401864 49.323082583523 5.1665359666588 7.3818405274148 4.337664870992 1.6119851131399 0
37.650278792984 -21.5728740182 47.442011121875 -2.990257128675 -1.5779467887493 -9.4110810344128 1.7304321680088 0
26.877230186315 -4.6922095659397 37.324400712765 2.2339690232502 9.6435184315826 1.4184268267647 0.58185576738496 0
43.233817654188 16.74664742014 44.41924267416 -9.4413870429269 -1.7461292621581 -2.7948601584853 0.40157696484581 0
46.458431146826 2.370567021428 49.443335570228 -5.0881904831216 8.6080632334427 0.10754058081363 0.51523692569941 0
37.103799713417 28.350076497443 42.769167052037 -3.3969856775301 -7.52079589139 5.6478418415097 -3.2495492280676 0
42.288586487421 15.988935571042 35.032656322721 -8.2698824006586 5.0158201837296 -2.539801756785 -0.51042846680584 0
45.261077900265 48.046394964448 31.72550262853 -2.9706907757368 2.1584177072683 -9.3014100713765 3.529481257956 0
