#NumberR 400
#L/D 10
#DensityR 0.0033510321638291
#Boxx 100
#Boxy 100
#Boxz 100
-35.987118617202 46.563594016139 -45.331456806697 -8.8901930883347 -2.4404435759785 -3.8741066072826 -2.359467549747 1
-26.524252596801 -39.919358245419 -48.953592640003 3.6081688225338 5.590170640206 7.4653271838195 -5.7944450844208 1
-30.755849920983 -13.39998872931 41.38776578402 2.4245455072317 -9.0857474585729 -3.401583778536 3.8514917579606 1
-33.650576270076 -12.288160635302 -38.261612329061 -0.076094444751038 -4.3000844131438 -9.027927983503 3.2237145664777 1
-25.333931978285 -22.121892931156 -49.728075753424 -6.5809218676517 -6.2305715145217 -4.2274633025367 0.67123522743484 1
7.4999349447733 19.371785463654 -40.166835360138 6.6693602452093 -7.3589343897802 1.1686396221809 0.46457337716583 1
-18.868945467462 11.634062567283 -49.816885818571 6.1250704445654 4.4358393983386 -6.5426937022344 2.6705756700078 1
-36.317318276337 23.219063442675 26.962054988824 -3.4636437641763 -8.8164551944852 -3.2051972916684 2.5222753710911 1
-32.494276775214 37.723958860883 49.66868370462 -1.2973111989644 8.0819465636395 -5.7444863474046 1.1082891950175 1
0.084790520010295 47.322111340454 46.398478596505 -8.8050474955946 -1.6821442279635 -4.4318765096347 2.0883936761187 1
3.1293452666931 49.456915097799 -45.055717017205 -9.3853391912579 -0.87626507222504 3.3387973565698 1.9003381583844 1
22.385045902141 -27.995876600407 -29.951879462184 -4.1221308851776 -8.4985672952271 3.2836551119081 3.6758662648477 1
-8.6645032527114 -30.410278992782 -41.396505859315 8.4903941833618 -5.0848324819786 -1.4344633984007 5.0910368304228 1
-26.91245985214 -31.234589218904 49.517002138137 -7.2601654047957 2.8579260865519 -6.2547787154154 -0.41663468987588 1
10.278908872162 -0.093626925422055 -48.622036747701 9.6787679247241 -1.0864813066762 -2.2673795071791 -3.5907857719444 1
-28.041718643679 -7.4051614964826 -45.524515701396 9.1122735075759 -0.14114545238444 4.1166186955317 2.1361340188095 1
-15.087725752184 10.998252553138 -43.285217864545 9.9234185563517 -0.66881310301657 -1.0384860079404 0.48849586770537 1
7.6045191374368 19.807511376862 -46.667703674908 -6.5753892547164 2.1850554235892 -7.2103945068771 -1.07367693504 1
-29.997132790996 21.68703897978 40.680869140228 -1.2765276982823 -9.7758684210671 1.674178499892 -4.5295879359165 1
-28.090446267748 39.824600217661 -33.1975668074 -9.1106019901877 1.8750283017969 3.6716754001204 0.22585009684652 1
-10.922747904379 -49.094539691547 -36.726380252055 9.8872172528265 -1.3004731224065 0.74276823660481 0.71845077066784 1
-18.269480616932 -44.108527642255 -41.320321149965 9.3266871814687 2.9963905018023 -2.0086189732592 -1.6364267237726 1
-4.8366930670705 -24.62357120028 -24.559664470832 -9.0108481617208 -3.9708542775044 1.7426794637103 -1.1873005180104 1
5.0221358998664 -7.2364463932755 -37.424014797471 -4.1732262838941 -2.0504997716935 -8.8532272686123 0.76543995330041 1
-44.683140372925 -6.794804926899 -32.956201257647 -2.2728955850771 7.3819636130263 -6.3514217995102 -1.8154655790757 1
-16.706835075947 -3.804797157653 -37.514470941769 -1.5773662334655 -2.4396840918391 -9.5686915143895 0.25856852204439 1
1.7806392245498 12.834432545336 -23.716265066567 2.6183558351748 -9.6477492436812 -0.25523959617285 -0.31636086942842 1
-11.768799988715 20.668467643964 -38.874073305783 7.7732353681114 2.0331196764675 5.9534222337327 -0.86339916742292 1
-12.460760939937 33.059289076648 -46.375183919233 6.4881400582991 -2.9372880522521 7.0197134900216 4.4686352640474 1
-38.925396394854 45.862050586086 -38.342007952319 -5.2015826218772 -7.3553359116138 -4.3408031348024 -3.1415926535898 1
-21.306577152217 42.959000080125 -48.390033809328 -1.0947853768768 1.3908833376651 9.8420977702715 4.2192322345153 1
-16.231200513726 -37.384972802348 -33.017306904019 -1.4052584645203 5.5924270328901 -8.1700678411928 -2.3815043985344 1
-2.0890460753456 -35.816339388218 -29.740471052571 -9.0876829349326 3.5390808663621 2.2110914715326 3.0629916787344 1
-9.7179236354053 -18.996859860559 -37.759679272104 8.6938941343069 -3.5589059090938 3.4278846992979 -3.1415926535898 1
0.24153149367134 12.535949049585 -36.548517545494 4.9613945626171 1.1985346970954 -8.5993068658987 2.591831202932 1
0.8967713320099 -7.1003768135433 -22.221709078304 9.9370502162594 -0.17441059606552 1.1066227647752 -1.8964908975953 1
-35.617271684019 11.527795389437 -23.947075030529 6.2879864965714 -1.0136806395717 7.7093240546687 2.6175533600048 1
-6.4909342905228 20.258436642038 -34.292682072731 9.755474302483 2.0982795510704 0.65417433391546 0.1668993871539 1
-40.684646168814 32.505130840569 -37.287129284208 3.4753790164385 6.9439511995783 -6.3010540729289 -1.0012539183365 1
-41.271363360729 36.489238983046 -18.51840676039 1.8562194502284 3.2223108760506 -9.2828423433062 -0.44935315247723 1
-6.1828028503484 49.271268442929 -28.606847450421 5.5900721480873 -7.4668947878742 -3.6050763661807 4.4275457447589 1
-36.243599512587 -41.26530363338 -38.02461823028 -5.6061187728334 3.9852697979401 -7.2587228175838 3.5487615727753 1
-26.895301726466 -32.952073972676 -32.200411094446 6.3384873205373 6.1131423724979 -4.7384669272835 -0.83085179465514 1
-9.2487872397958 -27.217475580542 -12.859262404137 5.5108359944051 -6.5471405914194 -5.1735516542273 1.0022202348214 1
-1.9614560332123 -13.861163084631 -29.971957946578 5.2498823079421 -8.4790451178802 -0.73792251741458 2.4568282834479 1
-45.153601569311 11.149547917818 -12.273622162773 -3.2997476226937 4.9533028483153 -8.0359477673388 1.385201879965 1
-32.424911550025 20.017620436535 -42.256435726151 8.4441331574786 5.2211936077685 1.1982289134249 2.2563327909941 1
-20.971306789797 17.741228921255 -31.645505808991 1.3418206600474 -9.534032668108 -2.7021729033724 5.462437354382 1
-9.7135496905947 40.16329882515 -4.3790090602907 8.2396901491453 -4.259041962379 -3.7373878322664 0.48402027259977 1
-30.570114600296 -43.707934459781 -22.829067305484 9.3982698093261 0.68467929037505 3.3471986586459 -2.0878130718277 1
-7.8935436859045 -48.652496385775 -24.42670376168 8.6639822316431 2.8128378985969 -4.1259368446438 -0.23940002822136 1
-46.489184034943 -32.407199957486 -23.933199704203 1.4635920196695 4.5360515747789 8.7910257940075 -1.4727388487327 1
3.434852988394 -43.618936493401 -36.0169307976 -0.62621384028003 8.3166883686157 -5.5172956061438 2.0533166681433 1
-17.571266716629 -23.89144814216 -29.192148061255 -3.5109031894559 1.6061835184609 -9.2246264585236 -2.5898022659785 1
-16.349664666102 -8.3886950490645 -30.022390262044 -3.7182629259304 -4.9265554264101 -7.8678823354293 -5.0998475540549 1
-11.078182799267 -3.0133927957585 -8.8733745439927 8.3733011728107 -3.6113244385298 4.1044077854283 0.55254897513515 1
-8.9044095797053 6.2634738177999 -26.624772032546 -6.4192839688171 -4.7844434933618 -5.991818904683 4.0984103073077 1
-28.518700639337 29.542397919628 -28.840862524771 -8.2226575847587 -2.9518382239202 -4.8656503515577 2.04638509311 1
-12.457593131696 32.317016728016 -26.207516354878 -1.3148489990079 8.5027455732698 -5.0965174213426 5.5627401641532 1
-19.722966352966 38.982530485277 -23.235191201189 7.4496959344869 -5.8396277351417 -3.2250237826493 -0.5316816694662 1
-8.778539544872 -49.216693473864 -20.098317195735 9.5032891243282 -1.8522197815932 2.5013551727214 1.0031479724066 1
-24.701823435517 -21.362172330449 -4.0737382236719 1.2057923480079 -9.475023259839 2.961418416738 5.1388913190639 1
-26.996496604638 -44.81195616061 -35.907924622311 1.8667292839323 -9.53947043776 2.348153646509 -0.68106676286234 1
-25.308768943057 -24.422443060244 -17.436155924748 -7.5826471089025 4.7144146117162 -4.5030831316653 0.55592843584571 1
-25.201687317217 -9.4522500989255 -23.084243757516 -3.199208905902 -4.7267425008518 -8.2111489882378 2.9736892499921 1
-24.854071761065 5.4463319882807 -30.825579035962 -7.3403394580068 6.7904942956964 -0.092757001584129 -0.52452846364616 1
-46.398910960925 5.3754494441791 -21.924397274736 6.8316536349624 5.0443909727612 -5.2804003944616 -1.123599872665 1
-9.1066259034883 15.417869515487 -17.245252276134 -8.6228716880622 2.7935477008044 -4.2239998928202 -0.45956342596403 1
6.4844187309518 22.680935326535 -8.9737562143582 6.8919617848157 -7.2395308187939 -0.30009378596293 -1.8648103536333 1
-9.2511500662486 30.867869892792 -12.50654745923 -8.2208786652225 -4.9928195476646 2.7365867309749 -1.8179695856575 1
-16.962650635206 -46.447461976845 -14.718558727936 1.4423476718657 9.891396711337 -0.28267347313661 -0.47419998525468 1
-5.6524707088544 -38.542517467078 -14.503803346228 5.2915467069454 -2.7169901466416 8.0385009791172 -3.7106882201322 1
6.0102570250806 -41.902974510172 -19.593556231942 -6.9665963603147 -2.158803599276 6.8414985326464 -5.0814684631625 1
-34.001487700132 -16.113587446116 -11.732702732498 4.259852360276 2.083710343525 8.8040791155542 0.16602253918047 1
-12.373643454802 -16.834197515437 -18.739768073719 -7.092095159593 -6.4210983453527 2.9106154480771 1.8173289462933 1
-20.780061064296 15.950801301732 -11.923499482073 2.2066946209089 -6.0055068952808 7.6853357623975 -0.77437691012793 1
-33.512289188374 25.161277426912 -17.005407713445 -4.7337077989985 -8.7930726244423 0.52333955992674 -2.5755021205134 1
17.644428079872 21.767071731412 17.892163130958 -6.7865439592782 6.8454755757059 2.6612563257227 2.7024150599505 1
2.3979376986748 10.192611074215 -8.669012231479 -2.1096529301843 8.8949547561494 -4.0532880973625 -4.4410599585866 1
2.6892927256015 39.596168722431 -28.04650687112 -8.4790154668431 -2.1226873256776 -4.8580340911158 -1.4617912285017 1
-49.078543804229 -48.848662814679 -23.566006234831 2.0912613196118 -0.62701009694657 9.7587644930812 -0.39918668251425 1
11.297083055963 -29.901222469524 0.98725621014448 5.9356970886856 7.8121707034515 1.9332586406126 3.5439822285556 1
-19.155528993789 -34.321256474486 -12.02912874367 -5.2540187078308 4.0453668749639 -7.4853386205775 1.5419197577074 1
6.7505649414275 -10.995143233489 -10.346045018248 8.5062158173273 3.1828793690097 -4.1849219098311 0.33088530398263 1
-3.5685229083194 -10.788342273231 -13.614962118184 -7.8943791561588 -5.7848771359744 -2.0527966924386 -1.3004366669268 1
-9.2462959667842 5.6141684460899 -11.785496298356 6.4464854545799 -5.0105775869049 -5.773814816003 2.4181412693218 1
22.923902794656 16.195743969209 -0.2898868830428 -3.6204680910562 -1.2078130099353 -9.2430189080557 1.9129561909466 1
-21.535256521613 14.451593796619 1.9405133032611 -2.8208204253556 -4.4150988423078 -8.5176214015739 -5.6106387848745 1
-26.0356916978 38.224320763013 2.7190065565358 0.63777257026083 -0.53388466436332 9.9653506367704 1.7136245937059 1
-29.394523991411 -48.469318498089 -13.582586020198 2.4554523462824 -5.7450359708148 -7.8080289106266 0.98996024420169 1
-30.865408344273 -32.33546049937 -11.202026418866 -5.3281327711499 2.4563977685434 -8.0979695711761 4.5176329692972 1
-33.1258447133 -41.585233455566 -4.6369164377898 9.8813527290733 -1.3456483747369 0.74033687953701 2.3992011108911 1
-16.060108189278 -36.796739218903 -1.4073002655057 0.35666148021716 6.7737423043086 7.3477348743234 -0.37484106139361 1
-34.621999978698 -24.356038991521 -0.50019394269896 1.8066164596787 -8.7054942883938 4.5771722889096 -3.9142562760792 1
-31.457747758507 0.15577156742506 -18.766284616623 -2.7062686240366 -9.6165931314829 0.44412461997839 1.67207793228 1
-24.007223768474 1.6944198400523 -6.9683975263326 8.2715518081971 5.0695645200514 2.4250662385485 -2.4174005130465 1
-30.972618433852 12.065942930384 -7.932707660458 -2.1415441452696 -0.19589766738626 9.7660336256729 -3.932303892115 1
-42.591320257253 25.354057309057 -5.9376935059626 -1.7491247270796 -2.0425701294323 -9.6316390067044 -3.3926388399668 1
-37.026302938921 -42.781432430893 6.2286327047465 -9.6887016281324 1.3117543662567 -2.0996097836576 -0.26914954052834 1
6.5507298692667 40.225415037589 -8.3799567468149 1.3946328683661 3.8999308123849 9.1019524730183 2.3384720383899 1
-3.751715588177 47.45877945373 -6.9077619556915 6.7003537749434 0.73024019234461 -7.3872869547681 -0.86776673713542 1
-16.03828969662 -30.159860215938 10.586185466023 -9.1763091112295 -0.83845868176313 3.8848858585733 -1.7520495871736 1
-38.586033235916 -31.230300046536 6.5863488918818 -1.6343917715491 -8.4928742395714 -5.019945287343 2.0162040136614 1
-14.531467931355 -18.5710528845 0.35146710099621 9.3864146644895 3.2074952812165 1.2677514611428 0.58834024337981 1
-30.086482512645 -9.871852272601 12.446340973261 -7.3771677986656 -6.7483838992032 -0.19159858899879 5.8695422147843 1
46.653470949363 -19.855609775707 0.47127297304525 7.5464774206919 -1.2195181240704 6.4469724742744 -4.9624486775305 1
-15.20499123497 3.6411697696461 10.328439598077 1.0208815103597 3.3050179028417 -9.3826785942875 -5.3740517310108 1
-10.672832971307 21.854950303355 -0.52457944977564 9.0261597662732 1.8828445042349 3.8708314929202 2.796989577626 1
-5.4343423113942 30.547451200209 -1.0768562739959 5.2776407581879 -6.5091973400855 5.4568175721145 -4.7157119616633 1
-30.051526837396 43.264315382341 0.68477220255187 -1.6201326324013 -4.2913166413186 -8.8859311125718 -1.4061191416516 1
-15.795926346475 49.310905337388 6.2566028935369 9.8501950843858 -0.64007837064132 1.6012359223357 -1.4486591636252 1
-23.865214764955 29.734091377121 -10.400087791805 -7.3178036815298 -5.9923471686454 -3.2467714254342 -1.694090662478 1
-3.1699610016558 -39.165290863525 15.926304274972 3.6448132195357 -7.457870511132 5.5763342828319 4.6428907353346 1
1.1950357142793 -27.230472098302 -8.1641827864978 4.6192041178352 4.6043099355157 7.5804540322784 -3.709881841239 1
-24.4790323612 -4.9924860224276 5.6517516258781 5.9501284477309 -1.0513805701903 -7.9680970345578 -1.1019146033275 1
1.0429353989396 -11.968363625925 8.7176543351507 5.7584210604974 -7.6075583420506 2.9942683517541 5.2156696128748 1
-21.182514638862 12.427374334904 20.753764895491 -5.0678764541346 -8.608638378802 -0.45604112604604 0.42608971775499 1
-19.277436037845 30.969914385549 13.847928895389 9.0439469326972 2.9613339599947 3.0720555099053 3.6247669701901 1
-17.489836977588 29.451689346024 1.23464414655 4.1238804952958 8.6216904289315 2.9427986353454 1.572180623914 1
9.7799173179711 39.173307110042 8.4909960965996 -1.2644921053415 7.8019035671108 -6.1262843914589 -0.90912504705599 1
-37.753263292533 -44.372318963264 18.856960222804 -2.8014836978017 0.74186780040892 -9.5708579164915 -1.381421439352 1
-17.973936475485 -41.857376855115 5.2640779897631 6.9511864389832 -6.5819260330742 -2.8912379330722 -3.0369756390506 1
-0.43033985488811 -36.38972684071 1.2155559448785 9.1173568553048 -3.9421534417142 -1.1546558859712 4.2864061914143 1
-33.030028453444 -21.050054577668 12.732691500724 -6.980734295 -3.8704922052665 6.0240052117824 -5.0098895811284 1
-0.41395750537388 -0.064241117780423 -3.8121221933766 -0.29386648891749 -0.99937741705749 -9.9455963755306 -2.4098882986541 1
-36.3842922913 3.9321628114432 1.4029270082589 -2.8092171761241 -9.5677659506483 -0.75243177164674 3.1415926535898 1
-6.6150492870325 8.775908764499 23.711950329161 2.0045988372261 9.7738494797464 -0.67338684947982 -0.23062093342986 1
-34.640214376022 24.443582518553 14.210446811873 8.8441240457188 -4.6163615741421 0.68605807387105 3.6848745969086 1
6.0695932173375 22.602038469953 30.849572947297 -2.3215083854896 -7.1149479247463 6.632353642882 0 1
15.711226019974 -45.820281387135 27.098956917888 -2.252533099941 -9.6193362376852 1.5474058872923 0.49569378339558 1
12.960458330106 -45.86219411783 45.048176619714 0.88832592309317 -9.599935078525 -2.6555834655431 2.0163191376553 1
2.6712246320198 46.778139726479 5.2504251186752 -9.3915852039105 -3.1754952434233 1.3093346847486 0.87263056183467 1
-27.617981271163 -35.218776774102 23.752637253502 2.8809506105719 8.3973340414642 -4.6027062230293 1.3167216083114 1
-8.0383532650071 -18.444871445211 15.706452057124 9.0927494483185 -4.1307317469525 -0.50888378321829 1.4672705949916 1
-15.87391694668 -8.8864939802741 8.3962392629628 -8.1404368603378 0.29038317355279 5.8007728222514 -0.61157025191449 1
-23.877160425988 5.4782153402773 13.341483051923 -9.3812187602677 -2.0006857432409 -2.8266572358166 4.1879435034342 1
-36.197241866648 16.389094379081 14.321623902226 -9.8700494256304 -1.5124843417101 -0.54269277837015 -5.8681146666347 1
-11.947614996253 22.828914790396 16.803106919495 8.2749821934117 -5.5877019038707 -0.54977916675536 -1.7238259789171 1
-8.9630970221554 34.321018868387 11.076077253494 3.821968966871 0.35099373757768 9.2341408161483 1.4718859823059 1
-18.080213011856 40.394619619134 21.721582395338 7.7170995560877 3.972232288759 -4.9666633755038 3.4209092866159 1
-21.873205805461 -38.948145645616 12.316949344248 6.3490689174057 6.9940268455314 3.2822115053756 1.2056414005417 1
-32.334424665912 49.644486330691 15.483549458481 7.0397375488324 4.1153252365185 -5.7884534585011 -2.8286747872752 1
-10.548347420053 -31.522903122937 27.315239327257 8.8497624160073 1.4844702097664 -4.413394767811 -0.14604360293375 1
-21.137764933484 -24.371539579002 24.622413394278 -3.5184856386926 -1.9792029075247 -9.1489351654255 -2.5699660728761 1
-4.4514307534838 -1.6982791999574 12.617344007926 5.2519962998688 3.1049420087086 7.9231224898219 -1.6141534771547 1
-24.506680427253 3.9961680505857 31.525452114114 5.9358591445493 -2.2667792565389 7.7218707589673 -0.61875751422743 1
-14.280148011284 4.8392117608638 27.200710487643 -0.051608930750364 -9.1935612486314 3.9339252771157 -0.43009928203941 1
-9.5019560030341 17.787317488004 30.783230546198 8.1814859257491 1.7316532124782 5.4831254954163 4.7530737227072 1
46.785995214403 -48.074375405552 14.236498534908 1.6584909359228 7.795941706969 6.039263259455 -5.361718704661 1
-17.386780765052 32.988730779845 35.327971480096 1.613152764965 -9.2263249767068 -3.5032364437877 -0.59121158248502 1
-22.176856071781 45.842830341115 18.509952353789 8.710321940746 4.843921760293 0.8165253631814 -0.56830374114202 1
49.519124267323 -29.260951406721 17.00949259841 -8.7070212425686 -4.87652177276 0.63821350758 -0.17719867117889 1
5.9971850145859 -34.530237937754 18.245546381443 6.6352865531148 -7.4260240459259 -0.9094719497508 2.0490960864941 1
-36.645782802254 -28.185356750278 21.055456043334 4.2057861214135 0.64565984681324 9.0495572523267 -5.5866638084701 1
12.542935327048 -7.2394573698138 14.488649603727 0.91527456740041 2.8015827250705 9.5558048693376 1.9067950355668 1
-7.7973889391516 9.9621638912264 8.0282111198657 -7.9327177090852 2.6140884964487 -5.4989572721291 -1.0722416758591 1
3.3790407917217 22.01515197104 8.0391332333589 -6.2344672467744 7.6940975289032 -1.390065237542 -2.4456695245421 1
-5.2368439198733 34.486479382506 26.975488695847 -9.4652592441232 -1.4576633611277 -2.8782086385749 2.7736831475141 1
2.5897529394761 11.745111259319 35.626319622747 7.596666175495 -6.4620228929393 0.73001585545771 -0.44393879797228 1
-8.9071532068294 45.703189747837 33.91833568252 6.8249250699237 -7.0557534293991 1.9070242089313 -4.8981854733453 1
-4.6727307078651 -46.562198805756 19.237185345126 1.0126232653579 -0.45137030243717 -9.9383529305682 2.3687511153786 1
-13.682654759595 -42.165964004249 25.68463298627 -2.7213733389667 9.1867956149741 2.8630252319276 4.6778108403483 1
12.423304272783 -29.802389393354 41.707493075465 0.62340074167289 6.7212864391559 7.3780539519647 4.0207819579669 1
-15.001210918834 -19.985959990916 38.693717694071 6.933330115636 -4.0268234768014 5.9760878670159 -0.24318632357391 1
-46.295132365542 -11.583370482432 48.084487271493 6.6219825733356 -0.3821208386447 7.4835372961663 4.3370670776446 1
-26.420759572475 6.0201694419616 45.410338731656 5.3934800284272 -5.3355422445116 -6.5147802833241 -1.0499021777267 1
-33.192020168332 7.8055477689371 33.328835234941 8.8923402648847 4.4709405451362 0.96797482165974 -4.0597264013978 1
-46.88218946386 15.567023749021 16.542399491061 3.9354232708237 8.8938788556931 2.3262335608694 4.7514927602464 1
-21.318931281447 45.589430206537 29.358050638867 -8.828937654011 -0.82217127505244 -4.6231909214378 2.1917273164239 1
0.61049319283526 -34.647559664156 35.769964169673 -4.7828281813644 7.0859354280643 -5.1878775714978 -0.70724299755641 1
-12.561293212153 41.547108183154 44.570007330178 0.27629718172861 -7.6179125466605 -6.4723309787743 5.9827604495968 1
-13.85212051893 -43.373620371685 35.35209825245 8.8954487870232 2.1592204449401 -4.0260101772847 5.3035321312037 1
-39.227266382629 -36.745285747311 40.475605399355 -7.0046187210166 -5.7473075070821 4.2312850284778 0 1
-29.895177840339 -7.3396702585752 29.524891959694 8.8221132500356 4.7048417824889 -0.18649827155437 2.1483232673274 1
-19.287063113081 -11.440561677048 28.233702336156 8.360783908657 -1.7454104313457 -5.2010417090128 -1.6605471770925 1
-7.3800537163509 1.1286464310508 35.474742002171 9.8503830885916 1.3877772703646 1.0217765195225 -1.6050697466585 1
1.0817931055583 -15.142195881386 29.440401204572 -6.8638906036736 -7.0281862364047 -1.8685834225993 3.5880471278337 1
-24.462590099562 24.181537859787 30.406779137696 0.497051588463 6.8465744747458 -7.271681901745 -3.9282198034628 1
-44.703847488161 34.490144152136 42.648739272665 -4.4168666798044 6.8042528115221 -5.8475150628047 5.5683608005826 1
-27.757038070756 37.197177510728 34.817832399828 -2.5897824197075 -1.0925754961421 9.5968383233127 2.4162205960691 1
-45.032884672702 -43.607910221088 33.519699533909 -7.4828595322416 0.96920260105678 6.562580250088 1.2021513290892 1
-10.621532704547 -34.483964125746 45.479538983072 -7.8422956000073 5.0458483125063 3.6107913993035 1.4659571338278 1
-5.6033234746147 -23.655909729724 39.930415274243 -4.6940755713418 3.8767893664291 -7.9332312924101 -4.2700835492545 1
12.822050602681 -9.3795678719461 48.916597269556 8.6566689817465 -4.6881602366906 1.7559145012161 4.5562920749964 1
-6.5474441171791 -11.365923370088 41.034701464011 9.3999670483865 1.1223468249191 -3.2219492692843 -0.44209961285218 1
6.4400776675721 8.7128870165631 -48.274611057065 -9.6102950340983 1.7831555483896 2.112483289362 0.7384753490409 1
-43.322131841567 3.7440621056023 48.373717602661 1.975348574044 -4.6587982812027 8.6251722641397 0.48528038462355 1
-6.8138747310018 14.32614875819 44.480357444976 0.91644078726601 -7.8499869356412 -6.1268133147418 -1.9118917845031 1
-1.3585145787414 33.17212671696 43.079109152957 -9.4901867052414 -3.1123332957413 0.49973768707114 -1.4397230895443 1
-38.761812996763 39.769460199035 35.154951494972 5.6681717878177 -6.6796640285952 -4.8222315424375 -4.2661986194522 1
10.416252780881 -41.033455111585 -44.678182958837 5.9457831711079 -4.6713102731646 6.544197644784 -0.87589003655279 1
-6.7624752072156 -38.867672388484 49.705611861915 7.888185030929 3.4306907295058 -5.0996958768451 3.5134783184843 1
-19.367491880896 -31.584926925884 41.407268923598 -4.0074973302567 8.8156069754078 2.4950027661561 -3.8464774304295 1
-5.35633143529 -0.11848013858194 -40.685227293623 -6.1663164057687 -7.2654576906724 -3.0314462767791 0.23894287572316 1
-37.80023191387 -4.1466323685404 42.403033184669 0.25896960431258 -5.8915305668383 8.076063541358 3.653150503262 1
-20.654277282262 -13.651180179302 45.462567201399 6.0786661239995 5.9080725864595 -5.3051386849041 2.7402189860971 1
16.257333400266 20.257605100654 37.540113373406 -7.817818912539 6.0926888493709 -1.3269702466516 -2.6708051210613 1
-12.567111285285 20.560516169754 45.714825632253 9.7949601293788 2.0043977133113 0.20284444964493 0.38311627997136 1
1.3512365083305 42.368822091864 35.046252897488 -0.72003482932155 6.9187771229733 7.184154297284 -1.009144167577 1
2.2527951518071 34.346991062491 -40.2145139646 4.9368973323262 -8.6213804243358 -1.1396685083612 0 1
20.693484712528 30.314417866033 48.558883324657 -2.2904615429969 -3.2925303895468 9.1604055343617 3.8788183236987 1
34.908761964258 -44.138535303203 48.49852518723 7.9018523933116 2.5460607453075 -5.5747917840507 -1.8487686572923 1
4.3545772147847 -24.140848507036 -49.306759882682 3.1454530247952 -7.2554354047206 6.1208481729849 -1.0392145958258 1
11.639509068231 -23.970770776824 -37.102362319179 4.972440400398 -8.6498299924501 -0.67474259254927 1.3630428364029 1
27.858370828865 -15.326616554563 46.619394030801 4.7352851871163 -8.6738985941637 -1.5298880268968 -3.8495615044714 1
-27.319251908656 1.03577169405 -41.840769638721 -5.6658623501365 5.0874284359074 6.4819808499274 -0.26018540738077 1
27.238967407765 8.3946851155791 48.415167420227 2.8770374302406 9.0965399672013 2.9959332853226 -1.6045100791659 1
38.944747425482 -8.4087170998196 41.480319487438 -9.1125803062873 -4.0638057085497 -0.66810427675944 -3.1043348335684 1
30.422164404857 40.827340541913 45.745010308726 -3.9299624835538 -1.1545755380492 9.1226284701723 0.19696516749374 1
-42.741952115366 23.41399085628 49.615237794274 3.8781075471117 3.1893602318798 -8.6480207657209 3.5796729902255 1
-48.60469789394 37.734995956407 48.457530706379 -6.4503077408916 -4.685600732246 -6.0364456284944 -4.6007055385797 1
-39.338681718644 -43.916613190116 48.569816217091 6.0294324339974 4.4781244654502 6.6024499843464 0.35983078333078 1
-47.782209872714 -30.01034704517 39.449008045599 -2.8079493565452 -2.3043320450871 9.3169455422398 3.0150266743317 1
24.791076725397 -38.476980179926 -47.722288229817 6.4207876964474 -2.6155744515734 7.2064037942254 -2.3085891752384 1
44.565788392441 -6.2211662161749 -27.648651545935 7.983536950547 1.9566247076145 5.6951521062043 3.457364950411 1
38.412527131698 1.3226183463791 -37.542958202775 2.4986006193265 8.5272121259251 4.5873356433312 3.0072626649227 1
21.700710603206 5.7040700908943 -47.192776043287 5.4783532659043 7.1741310284245 4.3034276432807 -0.51205751576472 1
47.438710794007 25.400441415538 -43.953776052033 4.4948117248843 -1.6179153336521 -8.7851589360111 1.1404013453281 1
-3.3342713571541 26.195580478482 37.363863822674 -9.0483734614046 -2.3706840064851 3.5364947397592 -3.0725183548334 1
27.210481291096 45.975775943579 -47.616689725717 -8.8090743151874 -2.6698291470047 3.9079690422659 -1.5214094847606 1
46.281441786465 44.724473155788 -23.808912051489 -4.332115351545 8.0913379690105 3.9702678061003 3.9346759309548 1
47.260527844301 -44.006219551277 -41.853968574388 -6.6589686755146 4.7572887088681 5.7468548197246 -0.58833584906973 1
42.74201005446 -28.901403020906 -40.050734024069 8.6148890708132 4.5766999494519 2.1994326246261 0.74501641310222 1
23.371931862185 -19.273987212583 -41.352205943661 0.74648766560106 0.95396767638694 -9.926363978694 -1.5101763019308 1
4.1051601375253 -15.113998479265 -41.652926139411 3.8352997900029 8.9820068277928 -2.1480290655128 4.3674159589473 1
11.718803489191 4.2680161530131 -36.929203126262 -7.0284816010561 6.0642650896875 3.7182166835208 3.3525072274646 1
49.795843029754 12.624367964031 -38.106256963274 2.7560092825745 3.0731413604208 9.1082498326097 2.1255006919204 1
34.72580851929 20.817875135867 -42.149521156775 7.7756142985893 3.4727171163982 5.2421425113257 -4.4390147946044 1
41.259005919881 36.035812704709 -45.769878421475 -7.3528449455068 5.2095671720554 -4.3354447392601 1.9172731513507 1
28.676965952921 42.435026131523 -38.655579961863 -1.0041592792507 -9.7601278101993 -1.9317270175855 0 1
15.131190847348 40.060658096206 -40.852736083548 -9.9383624817998 -0.4767449307629 -1.0008323792449 1.5568009938158 1
23.272797432033 -21.953326934323 -17.09731721566 9.5283250344941 2.9748828400337 -0.60091107920128 -2.834431021625 1
-43.94270150353 -37.580462368534 -35.614908515604 6.4886634139669 6.9381955395793 3.1238901636915 -2.0004224523985 1
17.181777380817 -30.496901756379 -44.879025729254 3.8091891297994 -7.9906260923495 4.6518784190562 -5.6361741498607 1
29.60136852718 -8.5341442929617 -41.49128914159 -1.135760494482 -8.1935677313218 5.6192077672405 -4.5886852133206 1
43.121996073806 6.0138727471781 -41.434815643045 -6.8373286520712 7.0729959203892 -1.7954569373069 0.43835644577601 1
-42.940923478962 13.974452167047 -33.776521872122 -1.2366515575846 6.2441295232212 7.7124275959234 -3.2124441409538 1
-36.689286572064 19.942011602716 -29.245488238775 5.0957719989073 1.5173511882399 -8.4694009886591 0.85661673009598 1
28.78719283737 28.895964274907 -31.086326951571 -3.4930090872539 -9.3701028099211 -0.007800504530456 -4.449927333355 1
9.6505611668311 31.909918754126 -34.214883435588 -2.7391140236729 -9.0057181891747 3.3755435506724 -4.7067984162257 1
-37.741332957245 49.26121966472 -23.10419020109 -7.2190785918773 6.9156733308148 -0.24159194058621 -0.54976218558135 1
25.505273393215 -40.794091357419 -38.096528949253 -3.670784474946 -9.2387510173121 -1.0820448135867 2.0112681078354 1
12.281559542048 -13.856926714972 -28.183434869124 0.16514970689826 4.4381772327655 -8.9596489007591 -0.22794663860396 1
40.755731629814 -18.659257727412 -27.695649760939 9.8937027045099 -0.53365380260091 -1.3527233322975 0.24649106598325 1
-33.902070966542 -20.775117289582 -29.047114228505 -2.6540612994208 -0.54151434331716 9.6261477671444 3.9485481796812 1
27.123445445758 3.012616353848 -30.203312609809 9.8997515032479 -0.083307884803528 -1.409957435624 -2.4310779989509 1
25.374637658613 13.877223133994 -31.485070461103 -5.8398859082154 6.7231482599581 4.5491768545144 3.9896999499453 1
17.274092588947 15.28648330904 -35.776860279829 1.556038532578 -8.449973240752 -5.1163166746897 0.83835445625638 1
46.066519381091 36.734318799593 -34.65129176406 8.9713212016066 -3.7342153875459 2.3603032298879 -1.8473148246156 1
27.288136244481 -49.05260565156 -23.989690090259 0.24640903060842 -5.4284522663007 8.3947119415814 -1.4725916914705 1
41.905624518768 -45.543945436092 -25.347628636518 9.290538209536 -1.6884449993995 -3.2916642084443 -1.2878202048878 1
37.823569466474 -45.849406867802 -35.349805592595 9.3580196219327 0.16384535385639 3.5214518959573 0.85624015668101 1
48.428020330306 -23.483243421244 -35.538380984304 5.1227570286265 2.9984266951071 -8.0477821652755 -1.8302990660892 1
14.194246857833 -28.048551172843 -26.63916415519 -9.0724415983253 3.7561546677212 -1.8926451218157 4.900570922042 1
34.685363506818 -11.617163402145 -21.45361696918 -6.2084313082564 -0.75258963396555 -7.8031397227981 0.90987322798406 1
-42.805139586408 -3.9704175753596 -22.674949701317 0.64994652301215 -8.0386397362079 5.9125155990224 -1.9151638058747 1
48.617465903392 13.686875738486 -15.286809922676 -3.1938790727469 4.6404482299566 8.2622864083595 -0.93239725156137 1
18.510039749172 23.593429707499 -22.858206934168 -8.2899055515451 -5.5258202321017 -0.86184494484659 -3.1415926535898 1
48.855106632313 37.472643842802 -18.79009628031 7.2302490175191 2.2268889288397 6.5394544759693 -1.6020666518336 1
14.115965780817 33.40041550149 -27.238436905342 -2.781652300763 -9.2985904028635 -2.4080338447445 2.7260541926344 1
42.359735491184 -38.114178110039 -22.490488470828 7.3767060592827 2.0660125837429 6.4277367493355 0.57367658896441 1
14.939024096223 48.700493544417 -26.595123761104 1.3067095152941 -8.7631063031059 -4.6368608091149 3.9205106080286 1
34.205231010484 -27.781547976463 -28.510077625949 -4.8787026193193 -8.7185229135284 0.43083518719583 4.2258098355576 1
-46.468080746036 -18.194605678844 -17.225491860455 0.97003352542791 -0.92538111155783 9.9097277842491 1.1353484051976 1
27.467363977871 -10.82159383337 -12.416751303704 -4.4843956024716 -8.8001090406252 1.5646970804726 -2.2012819939282 1
38.63040659119 -0.11036436983333 -21.694958962197 -9.3230273163331 -3.6143451434574 -0.13293172259503 -2.9508705253188 1
29.566724879883 10.310904769366 -18.070336411258 7.6637555232061 5.8727071362078 2.6034903827099 -3.1256556641626 1
36.75656538399 22.649061317278 -30.107988848397 4.5961227135983 8.7798018604146 1.3381835798593 -1.4522835690538 1
-45.839604049615 33.322592276525 -7.6349015083095 7.1678458952548 6.2597829642557 -3.0719867288602 -0.61627015660445 1
28.452463271484 35.50506605607 -19.170452775805 1.2814393637721 -9.8481611277209 1.1711684590282 -4.6135088239281 1
36.479161168076 49.555033116213 -14.087426897616 9.8140993264097 -1.9107726216255 0.18000666601696 0.53228095925329 1
-42.130117339987 -44.96432412142 -15.501537541587 6.1443222377856 4.9657100317262 6.130989163183 1.3996097741527 1
47.854163658245 -26.064205386692 -13.027221048449 -9.8265991081222 -1.8523371190884 -0.082444924038344 2.4721292591726 1
12.792609345145 4.0524859274614 -24.349574751149 -5.6432712445655 2.188505075171 7.9601466818276 -0.9665736729373 1
-46.031596291716 -20.319367718029 10.25510397365 3.0169030037559 7.5035944692982 -5.8816975701107 0.95552226418878 1
21.2295401057 -4.0927883544658 -19.765151699704 7.0363900222116 -6.2572213438136 -3.3669565648884 -3.9791204100491 1
26.537434038882 11.572323558793 -15.961378378516 7.1399182195981 1.6045376050211 6.8152055648765 -0.97674732477839 1
45.516424420948 24.029788948205 -22.62768414447 -4.3602377461545 -8.778823142854 1.98004823767 4.1726418470796 1
44.351743715641 31.633517544348 -9.8524808943822 -3.9416986739756 8.2994236750068 3.9474774510204 -0.96709441194025 1
37.806254465912 33.956010491106 -19.991124787086 -0.44827161447464 -3.5065727369128 -9.354303833017 -0.41381717350708 1
24.181814830214 -40.236808571744 -20.330033708355 6.7988697835455 3.3673800240508 6.514301300985 -2.5137527871915 1
36.09176068655 -40.740655022565 -9.6348680700533 6.7168772570437 -7.2084089008606 -1.7095031534933 -0.58545913877489 1
28.715673184874 -30.035282613477 -12.279347113283 1.3706629493588 -7.753904590983 6.1642717877449 -3.5702633273975 1
-49.352363887376 -7.123790880768 8.7214731701379 6.6060720746691 5.9239839592443 -4.6115318273751 -1.8536774743755 1
-48.442791989879 -7.0007206555451 -9.0009899467629 -3.4379896959146 -2.2417133550573 -9.1189334949073 -0.6001038350174 1
37.539968302817 10.364204940506 -1.1694518765619 4.7310786058187 8.5929072916054 1.9439237391006 -1.0763131511333 1
-35.352494645389 20.666444825377 0.13513681440851 -3.3078561366279 -4.4327318326443 -8.3312049716253 0 1
36.80185362827 18.108067823069 -8.1584227694546 -0.14478371328033 2.6583467591666 -9.6390990338515 -0.26151450340232 1
2.9272398093481 26.753847391683 -21.14550335747 2.2119653842297 -8.4085758554003 4.9399454676088 4.0246410521413 1
28.399559901105 29.404661124763 -4.5957065023614 -5.3641554618318 8.3699169705593 1.0818161060198 -1.3730200901485 1
17.100610762245 49.068188439204 -12.536291720983 -7.6180673559166 6.4611202580029 0.46794740339341 -3.090028702785 1
11.623571102579 -38.643640539956 -10.43933446061 8.4651082486326 1.7790716343537 5.0176534813367 3.3377330951288 1
33.768256370016 -23.764040506349 -9.0018234407874 -1.4752336744415 6.4722195640582 -7.4789076421905 -1.7724495224297 1
5.6360498389946 -23.869080374283 -19.228785626641 -8.0797157339341 -3.981802084122 -4.3432068591881 -2.4460938514609 1
17.688479433509 -1.8842055201813 2.1608238198799 -0.67546449544805 2.5100517045595 9.656261603531 0.85619001920556 1
23.247591567774 -0.14214097953681 16.463504221953 1.6092753475164 -9.3815125407995 -3.0655269208893 -1.3910259924104 1
10.39297820708 14.721684066927 -18.543212034148 9.0196338006276 3.4409736536246 -2.6088132201515 5.5312843508957 1
15.604399024441 25.843420253495 -10.235764560138 -5.5660668341208 5.2093774058958 -6.4715753137117 -3.9145091906795 1
8.6269007629864 32.307711675864 -0.58585763677679 9.8122853220944 -1.2450351030322 1.4727336317298 -3.0713989360384 1
47.855628601524 43.89843930963 -6.5186217871886 5.5321160282283 5.357144325403 -6.3793962823312 -0.61711295576057 1
44.62868972174 46.997167594414 -0.77741628721719 -1.6120795029503 -6.5657852168234 7.3682877361509 2.7279989683999 1
25.724786485361 -40.52421063021 0.95988029212633 9.4516653824185 2.9855386718892 -1.323850572174 0.39347055271958 1
13.243791767758 -26.590400774204 17.86195331171 4.2584043317876 -0.066149817035084 -9.0477409748908 -3.964159247687 1
32.58430394068 -17.799747834839 1.1792826062436 8.8844331764659 1.8156910350916 -4.215461208219 -0.69889603773149 1
42.224989744354 -20.614483558454 -17.056545431867 -4.7540711954297 -8.7975186819659 -0.049720310205734 3.2604954048053 1
17.942677783378 -7.1691391098578 -10.18297791717 -6.4892845890377 -7.5863319072873 0.58030484657048 2.2985149463879 1
11.636311307196 14.35501470206 0.21113989801335 -5.3889308253299 -8.1852770129166 1.9901418998724 0.97782630469027 1
-47.655868159238 15.426009386649 -2.646554533222 3.3264731838859 -8.9958216485476 2.8301535337169 0.39738135557879 1
31.659729834948 22.153403451488 -18.539830419252 3.2178185972445 -0.20595271515013 -9.4658981060621 1.9182416527066 1
11.229404923134 -46.482790313726 3.3201355272367 7.4746730535929 -1.2884781754491 6.5168310345814 2.1325250852399 1
32.817396149395 -47.482635185065 5.3725998969375 -3.8970153569071 6.0747985447002 -6.9217117788405 4.3479692231552 1
-44.444550051942 48.008997083437 -2.1516771675775 -6.3237471817762 2.4109623382017 7.3618939264805 2.4952690428508 1
36.056671152539 -30.84832444584 3.4276135719619 6.4828714762854 7.013561496463 -2.9635000518468 0.51280164053058 1
-46.079787053831 -38.084741244643 0.846551194468 -6.7133876889869 -4.895611497626 5.5644778552593 -1.2627558676096 1
18.832081275098 -27.455428643758 -6.0088610440663 -5.6142261986082 -1.738321576568 8.0906552446201 -1.3514815252586 1
49.051745038491 1.9994101662881 2.6535475907804 6.2062874000336 -2.7500696217396 -7.3429635559336 -4.1199658297336 1
28.177738794173 7.2395911409792 7.2075871455417 9.5568919570371 -1.4848200017645 -2.5418744429811 0.061447474638488 1
37.766927029298 26.36635802663 0.63877402627339 5.7614901633944 -8.0314205106186 -1.5170747109899 0.25740291781354 1
-47.557912821161 28.355479122301 5.5111499517552 2.8162868430919 -4.0188500233742 -8.7130576095337 -0.71491414358958 1
19.765318304701 40.586324041662 -5.2603391937151 -9.2476402473288 0.80225735098398 -3.7198834657521 1.2878622953791 1
28.835480410676 48.290987252435 4.2624878474331 1.769582691001 -9.4376328801096 2.7927876252919 -3.8310755650946 1
17.289292304185 -44.573125244417 12.786027241342 -1.4738227838745 9.7874894629195 -1.4257967649607 -1.2700267300724 1
44.731252030891 -29.755372632556 -5.4675406913328 -8.3179242361277 -0.54758922372263 -5.5237923969047 -4.8221389565497 1
12.198537182675 -13.525171924918 0.73254622922652 2.3421693694832 -3.5979046737504 9.0315737611592 -4.6239648126867 1
-42.940802665044 -10.155770761392 25.020406176924 1.4340003448366 -6.5686214415985 7.402489808705 2.9525536533535 1
36.743976126331 -8.2087836317551 -0.95168961000164 -2.2556418112669 9.6031995420684 -1.6403166080002 -0.70397062384451 1
35.915432409361 10.715019535578 11.099692925697 8.8493413936047 -4.6178367205116 -0.60393784624606 0.84999898391336 1
24.744806515067 29.88120672187 8.7379713473018 -7.7894634999241 -2.9304450952917 -5.5440734056134 -4.2919118769686 0
-44.047834840514 40.01001782818 9.6097166897859 7.3862417241636 4.9097387282954 4.619296354652 -0.23847618727863 1
26.362993628868 40.673343064431 18.520877940335 6.3367509727997 -7.4917475179035 1.9285502940575 -0.83622166638581 1
40.633137866096 46.036867669062 18.97207825062 -3.1861932821352 -3.6476929997653 8.748857533892 -5.2544243563686 1
40.660202132644 -29.091243247891 23.550191842955 -0.0051329934165535 -9.5790072442627 2.8709917914794 1.3334410579505 1
26.002775185699 -26.804450502642 6.597639587772 -3.8361166742232 6.4058246466517 6.6520387444826 -5.4431675690945 1
41.802335538435 -17.909341970893 12.973044090701 3.5819163865835 -7.2117667498336 5.92961173649 -0.77164426924444 1
22.607854311617 -8.3902970826119 8.858784498987 4.7409032639605 -2.2177150198684 -8.5208905832911 -2.4878239064526 1
13.049543607795 5.3320749853752 8.3821635018364 -1.6987945893953 -7.8443907491383 5.9648663621136 -0.59493518384999 1
2.7707934053858 4.8770196483549 19.673530864096 -0.66027012547198 -9.840624646611 1.6511056677033 4.1812899558271 1
45.847760261495 16.422575734567 9.521436002176 2.6220979351397 4.4820151731671 -8.5461185579207 0.83855376005708 1
44.057430047215 37.055393223621 14.800733173541 -8.1007235164703 2.3937096527618 -5.3524230595106 -3.9611852942637 1
20.615254897696 40.311440696836 11.078802165136 -0.90617795151148 3.8313355028082 9.1923723698029 0.97755347677553 1
48.612895975815 28.33285935921 30.392411134964 4.9782794228669 7.8504721407216 3.6860305418723 1.3354480032502 1
26.534725522405 -26.540905218946 22.601491071764 -9.5540886428004 2.8917643365277 -0.59756943320356 -0.89964602478769 1
33.546464847026 -39.798975127299 22.111540109215 -9.8632105634205 -0.85336154009992 1.4102664512454 -5.98199174068 1
42.782097445364 -9.1741601199894 30.770379649116 -0.59473258199452 6.018185113846 -7.9641535075234 -0.17588314027526 1
39.08580443232 -8.8871762937552 15.311431841571 -7.4263977707944 4.3731583728323 -5.0718933344527 1.4314753405005 1
15.708071223293 5.318710130608 27.533755971225 0.35597188874962 9.9864643915587 0.37922680621293 6.2831853071796 1
30.622559490101 20.425631047798 15.264898502322 0.35276690699688 -2.3455018249811 9.7146372396677 5.612706823385 1
16.113361942761 13.459697049717 18.539507560947 5.69171403928 -8.1085003203523 1.3625761813231 -1.1466119481105 1
12.013605514611 34.743284982178 19.222704079175 -6.8871440731349 5.393090284478 -4.8458047525 -1.5155407450804 1
15.278832795206 42.890616103791 28.047597792373 3.6308344434266 -0.11633935667695 -9.3168399362936 5.0718399019281 1
28.878334893896 -49.909060991652 26.212426361717 8.543454867376 4.2998965577762 2.9189499004837 -0.95189365690283 1
16.721017075515 -41.093359088049 32.86812266976 -5.2833804741112 7.5235185964875 -3.934788265471 0.83627703968719 1
-48.474151432274 -17.717611960615 31.345564497836 -6.7193247510394 -0.15750308679579 -7.4044491805751 -0.49422115803306 1
1.2154631568286 -25.777065675319 11.925446274288 -9.2049663998092 -3.3843565212236 1.9531319759902 -5.460022895465 1
-44.642102468714 1.0002594868253 29.346815913177 -6.882964956723 5.618357407661 -4.5889926393822 -2.4489958586294 1
33.095847706601 -0.48513989535948 20.908296555936 -2.5132868677497 -2.9896520416893 9.2057248378398 -0.48193431054743 1
-40.564664913023 2.1018657253247 19.243925611987 -1.3508889809946 -1.9536552898775 9.7138215944787 0.11592569547189 1
37.721568081005 10.121436095504 24.258832540585 -3.4522082904777 8.6578874434388 -3.622601680547 -2.0970294824761 1
-42.601269733963 31.291983272272 25.540311968475 6.1273399639696 7.2955800882882 3.0381270778744 -1.3710465891926 1
27.730821926756 39.87867703963 33.342133646191 -5.1087865446924 2.07241810098 -8.3429840737892 -0.36235690139605 1
-45.01743165794 48.10009163626 23.313059952402 0.21492699769669 9.9729078005732 0.70350294024075 0.18914143998721 1
11.122990726509 -17.542771582985 45.494046246797 -3.3941216890767 -5.9448368324487 7.2896401142513 3.9750841772228 1
49.362124275756 -41.298505997127 27.46738109901 -9.933386920615 -1.1489255165444 0.088286141535688 -2.6717533797273 1
25.235238839574 -37.042137136846 25.451543924625 -3.894019322087 -5.2177259118648 -7.5902536076121 3.3830890929258 1
-1.9359803033032 -8.2451211809217 29.810996612922 1.0345320485705 3.6447931698252 9.2544706055871 -1.8151678377646 1
27.131031023578 -19.269124299012 28.852037205447 -4.983964439281 -8.0338227867633 3.2584950358815 3.4934285299532 1
27.690500839393 10.044446499305 34.64711464529 4.2630079949867 -1.0594051937974 8.9835640739094 -1.1407584734158 1
21.70802054485 22.078756792804 30.641334146693 8.4751359452053 -1.6411977613138 -5.0476272265836 -1.0136267189426 1
26.948788588582 29.729970378286 31.141111576999 8.5648634839424 4.3160287202995 2.8310792265458 0.23864175334857 1
-33.228877612828 32.695982549417 13.600889149755 0.19536493817184 -9.9884548001111 -0.43886586455386 -1.6027264554399 1
31.937297701381 49.657681235866 36.366410528445 -8.7898317519734 3.5055955316136 -3.2325930366705 0.65145112397971 1
36.248760384978 -40.517311881825 34.926022112245 9.7595913225774 1.3526875401351 -1.7089802910028 -1.2416767860666 1
10.894463610655 -24.927793377587 33.837675355908 -5.5762192801924 6.8005214684531 4.7601141053886 0.99290540463321 1
17.29609920973 -13.988428516995 30.209712736272 7.3225745654556 -1.9683765327437 6.5196162125302 -2.5943507065952 1
36.11295549885 -19.558137798576 32.212724814034 -7.999194503958 -2.4843260215384 5.46269269743 0.54878623548333 1
44.740791249483 3.064430581851 34.74984976415 -5.0947200207879 -5.8781554495346 -6.2841957656401 2.6316528541448 1
47.041439298085 0.91715109794846 21.933874791593 3.0052641497132 1.9635415110655 -9.3334287442917 -2.2129801244286 1
31.755727910132 17.844941758872 44.785460954066 -0.073707116682553 -3.5136238617655 9.3621052450281 -0.66623091770216 1
-4.0728914792289 46.326785544373 16.900633163479 -9.5805813690635 -1.6305348863408 2.3566536901247 -0.54505426414389 1
41.302247925026 38.831982596781 28.062421431963 -8.6246478717161 2.1303475452916 -4.5909768486862 3.2423944450633 1
21.77071480314 -49.380189931658 46.73594080456 0.96640185142423 2.1752567445163 9.7125859356301 -2.7231756679642 1
42.886671864347 -49.442578281746 -49.924957397673 -9.1435961086032 -1.6135016540011 -3.713658925544 1.1064105247088 1
43.155182310883 -25.048664444971 37.09873946643 4.8565803302233 -8.7129769594218 0.70545021133532 -0.64950844855616 1
-44.088825597944 -26.455794398077 -45.60585079335 4.4839851649953 -7.5773617703868 -4.7410405651906 -1.3240796324256 1
-34.517003248095 -27.049421162593 36.547657959248 -6.5378557227862 7.4304240568306 -1.43011918514 -0.045731618803749 1
45.512882145528 -13.504809642766 -47.658400941202 -5.8258027527604 7.4085447945381 3.3426765193856 -1.4701772022852 1
14.065142159725 -2.3257737490888 38.837976857881 3.8198613988715 -3.7474570724589 8.4477940542777 -1.8543802205478 1
-44.688192800773 17.083185660852 36.235099598394 4.8587230763616 7.6456880413193 -4.2351227186539 2.5687485400463 1
42.878770740604 26.712133114589 20.844567727075 9.176831822527 1.3454571210586 3.7383823823211 -2.239246344164 1
13.339591908144 36.517652025675 39.822868880102 4.4929603762497 -0.46998702334244 -8.9214583592224 0.87859401307711 1
-31.061988728076 -46.501378103426 34.914739142536 7.8046337342298 -2.1528670406007 5.8696555077805 1.3022677846876 1
44.778549280114 45.303950322251 -36.639964559811 -8.938326472015 -2.9800739574111 -3.3504446105013 -0.33083022035185 1
37.414905020425 -33.817049401864 49.323082583523 5.1665359666588 7.3818405274148 4.337664870992 1.6119851131399 1
37.650278792984 -21.5728740182 47.442011121875 -2.990257128675 -1.5779467887493 -9.4110810344128 1.7304321680088 1
26.877230186315 -4.6922095659397 37.324400712765 2.2339690232502 9.6435184315826 1.4184268267647 0.58185576738496 1
43.233817654188 16.74664742014 44.41924267416 -8.92495202603 -1.1246800154553 -4.3681032721192 0.10250119461911 1
46.458431146826 2.370567021428 49.443335570228 -5.0881904831216 8.6080632334427 0.10754058081363 0.51523692569941 1
37.103799713417 28.350076497443 42.769167052037 -3.3969856775301 -7.52079589139 5.6478418415097 -3.2495492280676 1
42.288586487421 15.988935571042 35.032656322721 -8.2698824006586 5.0158201837296 -2.539801756785 -0.51042846680584 1
45.219367766613 48.220716890152 31.757965547357 -2.9706907757368 2.1584177072683 -9.3014100713765 2.4372533879715 1
