# Rods: 400
# AR: 10 Box 100x100x100
# Eq 10000 Mc 1 EqEval 1000 McEval 10 EqSnaps 1 Mcsnaps 1
# StepsEQ: S2 [0 0 0] tAcc rAcc arAcc vAcc [0] pre
10 0.992377 0 0 0 0.9 0.907422 0.959792  -nan 0 0.00604639 0.00335103
20 0.968516 0 0 0 0.810949 0.844854 0.901355  -nan 0 0.00600083 0.00335103
30 0.911034 0 0 0 0.739323 0.739489 0.851908  -nan 0 0.00591391 0.00335103
40 0.822264 0 0 0 0.64746 0.637444 0.748315  -nan 0 0.00576959 0.00335103
50 0.700252 0 0 0 0.579066 0.539892 0.658943  -nan 0 0.00562309 0.00335103
60 0.609316 0 0 0 0.53213 0.50313 0.601346  -nan 0 0.00544193 0.00335103
70 0.551409 0 0 0 0.47408 0.48793 0.567588  -nan 0 0.00530263 0.00335103
80 0.525786 0 0 0 0.481509 0.497682 0.566256  -nan 0 0.00519518 0.00335103
90 0.461047 0 0 0 0.422472 0.442451 0.517709  -nan 0 0.00512286 0.00335103
100 0.43805 0 0 0 0.440868 0.438314 0.530537  -nan 0 0.00502429 0.00335103
110 0.439003 0 0 0 0.40135 0.467542 0.504006  -nan 0 0.00498357 0.00335103
120 0.429418 0 0 0 0.448935 0.445855 0.493846  -nan 0 0.00492078 0.00335103
130 0.422954 0 0 0 0.459762 0.453997 0.503754  -nan 0 0.0048672 0.00335103
140 0.414247 0 0 0 0.461988 0.463134 0.484962  -nan 0 0.00485794 0.00335103
150 0.400023 0 0 0 0.444704 0.467802 0.478388  -nan 0 0.00482376 0.00335103
160 0.416184 0 0 0 0.439787 0.464861 0.484115  -nan 0 0.0047935 0.00335103
170 0.416077 0 0 0 0.459088 0.450746 0.473808  -nan 0 0.00479172 0.00335103
180 0.403573 0 0 0 0.464234 0.460565 0.486003  -nan 0 0.00476312 0.00335103
190 0.406199 0 0 0 0.454965 0.443105 0.503639  -nan 0 0.00476054 0.00335103
200 0.383795 0 0 0 0.490022 0.498122 0.510638  -nan 0 0.00471622 0.00335103
210 0.377936 0 0 0 0.444113 0.455539 0.478227  -nan 0 0.00471669 0.00335103
220 0.374333 0 0 0 0.466381 0.483438 0.474513  -nan 0 0.00468654 0.00335103
230 0.363525 0 0 0 0.461653 0.458459 0.52138  -nan 0 0.0046864 0.00335103
240 0.369068 0 0 0 0.484736 0.492424 0.50561  -nan 0 0.00466793 0.00335103
250 0.375828 0 0 0 0.487897 0.474702 0.464018  -nan 0 0.00464607 0.00335103
260 0.377151 0 0 0 0.484505 0.472411 0.48449  -nan 0 0.00463124 0.00335103
270 0.344359 0 0 0 0.48071 0.480378 0.517319  -nan 0 0.00458638 0.00335103
280 0.332793 0 0 0 0.48839 0.484091 0.536803  -nan 0 0.00458177 0.00335103
290 0.353157 0 0 0 0.485845 0.514974 0.502266  -nan 0 0.00457022 0.00335103
300 0.344444 0 0 0 0.481105 0.472222 0.489164  -nan 0 0.00456227 0.00335103
310 0.351573 0 0 0 0.458841 0.466667 0.520325  -nan 0 0.00453842 0.00335103
320 0.344184 0 0 0 0.442793 0.459298 0.470722  -nan 0 0.00453701 0.00335103
330 0.361247 0 0 0 0.455725 0.455893 0.467562  -nan 0 0.0045116 0.00335103
340 0.353485 0 0 0 0.455988 0.438168 0.492331  -nan 0 0.0045068 0.00335103
350 0.346923 0 0 0 0.493633 0.466967 0.457614  -nan 0 0.00451283 0.00335103
360 0.313192 0 0 0 0.46882 0.484281 0.484621  -nan 0 0.00449701 0.00335103
370 0.316067 0 0 0 0.481283 0.456871 0.481481  -nan 0 0.00449072 0.00335103
380 0.318444 0 0 0 0.488131 0.498487 0.508271  -nan 0 0.00447808 0.00335103
390 0.322063 0 0 0 0.49963 0.505961 0.497318  -nan 0 0.0044613 0.00335103
400 0.32064 0 0 0 0.514844 0.538941 0.54382  -nan 0 0.00445341 0.00335103
410 0.310501 0 0 0 0.542836 0.534884 0.552932  -nan 0 0.00442378 0.00335103
420 0.312727 0 0 0 0.520231 0.478626 0.500766  -nan 0 0.00440716 0.00335103
430 0.320357 0 0 0 0.489329 0.505952 0.494048  -nan 0 0.00439118 0.00335103
440 0.316526 0 0 0 0.505988 0.516837 0.51926  -nan 0 0.00438999 0.00335103
450 0.300492 0 0 0 0.494553 0.479662 0.506818  -nan 0 0.00436706 0.00335103
460 0.302962 0 0 0 0.492999 0.477498 0.540541  -nan 0 0.00434346 0.00335103
470 0.322799 0 0 0 0.500385 0.490637 0.530747  -nan 0 0.0043608 0.00335103
480 0.305108 0 0 0 0.489591 0.492284 0.503433  -nan 0 0.00433352 0.00335103
490 0.286118 0 0 0 0.498127 0.509131 0.488426  -nan 0 0.00432254 0.00335103
500 0.281948 0 0 0 0.477464 0.488705 0.520176  -nan 0 0.00429604 0.00335103
510 0.301708 0 0 0 0.492101 0.491441 0.509009  -nan 0 0.00428232 0.00335103
520 0.301212 0 0 0 0.495671 0.506425 0.511232  -nan 0 0.00427366 0.00335103
530 0.286636 0 0 0 0.5 0.521772 0.530093  -nan 0 0.0042723 0.00335103
540 0.284637 0 0 0 0.510173 0.495072 0.503693  -nan 0 0.00426097 0.00335103
550 0.299942 0 0 0 0.516031 0.516129 0.523552  -nan 0 0.00425516 0.00335103
560 0.294754 0 0 0 0.511823 0.517802 0.521833  -nan 0 0.00425542 0.00335103
570 0.293524 0 0 0 0.52342 0.530212 0.568745  -nan 0 0.00423462 0.00335103
580 0.303153 0 0 0 0.498847 0.532186 0.541453  -nan 0 0.00422253 0.00335103
590 0.296233 0 0 0 0.5319 0.513389 0.527735  -nan 0 0.00421596 0.00335103
600 0.297303 0 0 0 0.526357 0.509375 0.540559  -nan 0 0.00419608 0.00335103
610 0.290802 0 0 0 0.537658 0.534508 0.570547  -nan 0 0.0042008 0.00335103
620 0.295466 0 0 0 0.536082 0.520338 0.526512  -nan 0 0.00418826 0.00335103
630 0.284734 0 0 0 0.508221 0.520661 0.544703  -nan 0 0.00417218 0.00335103
640 0.270994 0 0 0 0.505447 0.498084 0.526555  -nan 0 0.004164 0.00335103
650 0.265241 0 0 0 0.496263 0.510977 0.527964  -nan 0 0.00413344 0.00335103
660 0.258424 0 0 0 0.516717 0.518813 0.539171  -nan 0 0.00411835 0.00335103
670 0.246709 0 0 0 0.53979 0.519912 0.544207  -nan 0 0.00414446 0.00335103
680 0.238654 0 0 0 0.506116 0.531899 0.508929  -nan 0 0.00412919 0.00335103
690 0.244627 0 0 0 0.526758 0.503254 0.512605  -nan 0 0.00413225 0.00335103
700 0.25379 0 0 0 0.512821 0.504221 0.53003  -nan 0 0.00412491 0.00335103
710 0.270991 0 0 0 0.494012 0.525019 0.54652  -nan 0 0.00410883 0.00335103
720 0.267789 0 0 0 0.522516 0.524491 0.555235  -nan 0 0.00409288 0.00335103
730 0.260019 0 0 0 0.524293 0.506939 0.527157  -nan 0 0.00408894 0.00335103
740 0.239882 0 0 0 0.511093 0.501451 0.533824  -nan 0 0.0040688 0.00335103
750 0.231295 0 0 0 0.526471 0.527068 0.558779  -nan 0 0.00405757 0.00335103
760 0.225824 0 0 0 0.528098 0.510671 0.545385  -nan 0 0.0040434 0.00335103
770 0.227576 0 0 0 0.510128 0.517991 0.540885  -nan 0 0.00404216 0.00335103
780 0.233589 0 0 0 0.511161 0.543807 0.535285  -nan 0 0.00404384 0.00335103
790 0.23046 0 0 0 0.508071 0.515766 0.539137  -nan 0 0.00403413 0.00335103
800 0.223883 0 0 0 0.531882 0.539521 0.526592  -nan 0 0.00401899 0.00335103
810 0.22353 0 0 0 0.541636 0.527341 0.524465  -nan 0 0.00398505 0.00335103
820 0.240858 0 0 0 0.5273 0.529771 0.507761  -nan 0 0.0039728 0.00335103
830 0.248199 0 0 0 0.54636 0.526237 0.549596  -nan 0 0.00397433 0.00335103
840 0.25565 0 0 0 0.53313 0.514815 0.5273  -nan 0 0.00397289 0.00335103
850 0.234821 0 0 0 0.525164 0.535899 0.51252  -nan 0 0.00397105 0.00335103
860 0.227056 0 0 0 0.532151 0.543511 0.564697  -nan 0 0.0039501 0.00335103
870 0.222995 0 0 0 0.518939 0.532487 0.507084  -nan 0 0.00395706 0.00335103
880 0.223207 0 0 0 0.54107 0.530537 0.527397  -nan 0 0.00395782 0.00335103
890 0.222962 0 0 0 0.524083 0.552508 0.543136  -nan 0 0.0039487 0.00335103
900 0.226588 0 0 0 0.539028 0.548699 0.545104  -nan 0 0.0039281 0.00335103
910 0.223912 0 0 0 0.5408 0.542569 0.563783  -nan 0 0.00392614 0.00335103
920 0.230843 0 0 0 0.550916 0.523265 0.562689  -nan 0 0.00390753 0.00335103
930 0.225507 0 0 0 0.525076 0.517857 0.528358  -nan 0 0.00391475 0.00335103
940 0.232233 0 0 0 0.538799 0.506211 0.523774  -nan 0 0.00391251 0.00335103
950 0.227127 0 0 0 0.552591 0.52119 0.547282  -nan 0 0.00389862 0.00335103
960 0.222484 0 0 0 0.536659 0.54646 0.567752  -nan 0 0.00388173 0.00335103
970 0.203376 0 0 0 0.506808 0.506357 0.511559  -nan 0 0.00386677 0.00335103
980 0.191717 0 0 0 0.520679 0.537358 0.532173  -nan 0 0.0038617 0.00335103
990 0.187694 0 0 0 0.556482 0.565868 0.539777  -nan 0 0.00385436 0.00335103
1000 0.180825 0 0 0 0.490356 0.50189 0.526712  -nan 0 0.00383688 0.00335103
1010 0.154004 0 0 0 0.514852 0.508185 0.526433  -nan 0 0.0038406 0.00335103
1020 0.168975 0 0 0 0.50597 0.502694 0.512123  -nan 0 0.00382712 0.00335103
1030 0.184494 0 0 0 0.506656 0.515419 0.531227  -nan 0 0.00380899 0.00335103
1040 0.166136 0 0 0 0.506135 0.498896 0.511593  -nan 0 0.00379647 0.00335103
1050 0.135781 0 0 0 0.532012 0.507704 0.492086  -nan 0 0.00379912 0.00335103
1060 0.136984 0 0 0 0.474906 0.508683 0.47233  -nan 0 0.00378142 0.00335103
1070 0.140087 0 0 0 0.527695 0.507971 0.514798  -nan 0 0.00376545 0.00335103
1080 0.143069 0 0 0 0.518959 0.542813 0.525612  -nan 0 0.00374999 0.00335103
1090 0.140764 0 0 0 0.521901 0.487897 0.530428  -nan 0 0.00373735 0.00335103
1100 0.118014 0 0 0 0.505618 0.495965 0.516897  -nan 0 0.00372482 0.00335103
1110 0.139856 0 0 0 0.491052 0.498397 0.505535  -nan 0 0.00371025 0.00335103
1120 0.156746 0 0 0 0.539574 0.517345 0.547059  -nan 0 0.00370948 0.00335103
1130 0.145381 0 0 0 0.521127 0.560685 0.534404  -nan 0 0.00371176 0.00335103
1140 0.146124 0 0 0 0.518142 0.527864 0.528571  -nan 0 0.00370659 0.00335103
1150 0.14405 0 0 0 0.521221 0.527287 0.525811  -nan 0 0.00369548 0.00335103
1160 0.164047 0 0 0 0.516293 0.526874 0.523112  -nan 0 0.00367933 0.00335103
1170 0.163147 0 0 0 0.516411 0.524236 0.523292  -nan 0 0.00367503 0.00335103
1180 0.159087 0 0 0 0.509266 0.534919 0.531157  -nan 0 0.00366072 0.00335103
1190 0.139191 0 0 0 0.537238 0.550077 0.514784  -nan 0 0.00363731 0.00335103
1200 0.14621 0 0 0 0.538288 0.524454 0.538462  -nan 0 0.00362078 0.00335103
1210 0.171366 0 0 0 0.539444 0.545174 0.561135  -nan 0 0.00360019 0.00335103
1220 0.171941 0 0 0 0.530987 0.533852 0.544034  -nan 0 0.00360726 0.00335103
1230 0.130333 0 0 0 0.544615 0.54579 0.531946  -nan 0 0.00358561 0.00335103
1240 0.157665 0 0 0 0.550671 0.533436 0.52395  -nan 0 0.00356598 0.00335103
1250 0.143386 0 0 0 0.528201 0.546911 0.538853  -nan 0 0.00354525 0.00335103
1260 0.13757 0 0 0 0.515988 0.514648 0.519471  -nan 0 0.00353396 0.00335103
1270 0.139597 0 0 0 0.488462 0.500363 0.513228  -nan 0 0.00352804 0.00335103
1280 0.152645 0 0 0 0.495836 0.507001 0.512103  -nan 0 0.00351944 0.00335103
1290 0.176519 0 0 0 0.52959 0.512012 0.524444  -nan 0 0.00351045 0.00335103
1300 0.178336 0 0 0 0.546104 0.528627 0.554299  -nan 0 0.00349372 0.00335103
1310 0.187152 0 0 0 0.538229 0.4836 0.52193  -nan 0 0.00350078 0.00335103
1320 0.180321 0 0 0 0.487294 0.526435 0.511211  -nan 0 0.0034888 0.00335103
1330 0.209867 0 0 0 0.544906 0.541022 0.52133  -nan 0 0.00347226 0.00335103
1340 0.200883 0 0 0 0.530596 0.525473 0.534082  -nan 0 0.00348018 0.00335103
1350 0.194866 0 0 0 0.514244 0.519847 0.535201  -nan 0 0.00346651 0.00335103
1360 0.194396 0 0 0 0.529762 0.509673 0.528963  -nan 0 0.0034388 0.00335103
1370 0.188497 0 0 0 0.517007 0.534116 0.525114  -nan 0 0.00342953 0.00335103
1380 0.18353 0 0 0 0.512158 0.496291 0.518713  -nan 0 0.00340934 0.00335103
1390 0.19032 0 0 0 0.494331 0.510781 0.529279  -nan 0 0.00340736 0.00335103
1400 0.189128 0 0 0 0.510623 0.529684 0.495516  -nan 0 0.00339557 0.00335103
1410 0.194997 0 0 0 0.521147 0.516854 0.509934  -nan 0 0.00339074 0.00335103
1420 0.191287 0 0 0 0.517736 0.5 0.492123  -nan 0 0.00337481 0.00335103
1430 0.179332 0 0 0 0.516729 0.502513 0.496038  -nan 0 0.00334658 0.00335103
1440 0.193939 0 0 0 0.490665 0.496302 0.506494  -nan 0 0.0033431 0.00335103
1450 0.198754 0 0 0 0.520558 0.538347 0.522008  -nan 0 0.00333904 0.00335103
1460 0.20637 0 0 0 0.515472 0.5084 0.539816  -nan 0 0.00332311 0.00335103
1470 0.214342 0 0 0 0.514762 0.506182 0.524188  -nan 0 0.00332124 0.00335103
1480 0.19809 0 0 0 0.524828 0.524308 0.517725  -nan 0 0.00330712 0.00335103
1490 0.171908 0 0 0 0.509104 0.50561 0.542636  -nan 0 0.00330293 0.00335103
1500 0.194085 0 0 0 0.484281 0.49505 0.510733  -nan 0 0.00330491 0.00335103
1510 0.196068 0 0 0 0.479137 0.513168 0.511422  -nan 0 0.0032872 0.00335103
1520 0.193044 0 0 0 0.511214 0.504491 0.525164  -nan 0 0.00328154 0.00335103
1530 0.179206 0 0 0 0.537901 0.526746 0.555382  -nan 0 0.00327379 0.00335103
1540 0.179015 0 0 0 0.527735 0.544172 0.565314  -nan 0 0.00326962 0.00335103
1550 0.17634 0 0 0 0.538171 0.55096 0.574452  -nan 0 0.00326958 0.00335103
1560 0.161855 0 0 0 0.528648 0.506787 0.499634  -nan 0 0.00327189 0.00335103
1570 0.117329 0 0 0 0.535632 0.486631 0.50938  -nan 0 0.00326282 0.00335103
1580 0.151258 0 0 0 0.51772 0.48608 0.499636  -nan 0 0.00326673 0.00335103
1590 0.150205 0 0 0 0.511662 0.54052 0.528449  -nan 0 0.00324227 0.00335103
1600 0.131827 0 0 0 0.526477 0.515805 0.508812  -nan 0 0.00323311 0.00335103
1610 0.156752 0 0 0 0.512249 0.501515 0.524381  -nan 0 0.00324365 0.00335103
1620 0.149047 0 0 0 0.53431 0.533238 0.518405  -nan 0 0.00323534 0.00335103
1630 0.145209 0 0 0 0.537118 0.506513 0.538986  -nan 0 0.00322998 0.00335103
1640 0.198778 0 0 0 0.501105 0.490798 0.499627  -nan 0 0.00322503 0.00335103
1650 0.160217 0 0 0 0.52215 0.523991 0.516794  -nan 0 0.00321572 0.00335103
1660 0.177095 0 0 0 0.520117 0.503381 0.52381  -nan 0 0.00321702 0.00335103
1670 0.164111 0 0 0 0.528882 0.499622 0.502229  -nan 0 0.00319864 0.00335103
1680 0.156463 0 0 0 0.530973 0.50728 0.492905  -nan 0 0.00319021 0.00335103
1690 0.170982 0 0 0 0.557295 0.498466 0.529822  -nan 0 0.00319819 0.00335103
1700 0.166893 0 0 0 0.540769 0.536753 0.520803  -nan 0 0.00319382 0.00335103
1710 0.208789 0 0 0 0.562825 0.543182 0.524345  -nan 0 0.00318428 0.00335103
1720 0.207594 0 0 0 0.515909 0.537757 0.519357  -nan 0 0.00317061 0.00335103
1730 0.183436 0 0 0 0.513274 0.495706 0.523111  -nan 0 0.00315737 0.00335103
1740 0.147757 0 0 0 0.530212 0.502618 0.495146  -nan 0 0.00317416 0.00335103
1750 0.169304 0 0 0 0.496997 0.501094 0.528142  -nan 0 0.00314612 0.00335103
1760 0.147907 0 0 0 0.488838 0.510324 0.504833  -nan 0 0.00314079 0.00335103
1770 0.156685 0 0 0 0.504059 0.471599 0.466718  -nan 0 0.00312999 0.00335103
1780 0.149415 0 0 0 0.481811 0.49963 0.524615  -nan 0 0.00313253 0.00335103
1790 0.158002 0 0 0 0.507519 0.505601 0.495868  -nan 0 0.00314136 0.00335103
1800 0.139035 0 0 0 0.484761 0.511416 0.496942  -nan 0 0.00313138 0.00335103
1810 0.115994 0 0 0 0.498845 0.515396 0.508601  -nan 0 0.00313036 0.00335103
1820 0.14376 0 0 0 0.502266 0.502941 0.507599  -nan 0 0.00312 0.00335103
1830 0.159553 0 0 0 0.491954 0.516178 0.481698  -nan 0 0.00312576 0.00335103
1840 0.172881 0 0 0 0.49735 0.496334 0.531559  -nan 0 0.00312415 0.00335103
1850 0.18352 0 0 0 0.519703 0.517524 0.482496  -nan 0 0.00311731 0.00335103
1860 0.188916 0 0 0 0.486627 0.472851 0.516566  -nan 0 0.00311273 0.00335103
1870 0.196465 0 0 0 0.477736 0.510112 0.527612  -nan 0 0.00311597 0.00335103
1880 0.17357 0 0 0 0.505535 0.487879 0.501887  -nan 0 0.00310893 0.00335103
1890 0.178458 0 0 0 0.514903 0.506912 0.50295  -nan 0 0.00311451 0.00335103
1900 0.13878 0 0 0 0.483398 0.494012 0.489408  -nan 0 0.00310366 0.00335103
1910 0.151018 0 0 0 0.482047 0.477941 0.482344  -nan 0 0.00310029 0.00335103
1920 0.130031 0 0 0 0.487926 0.498442 0.509174  -nan 0 0.00309678 0.00335103
1930 0.146743 0 0 0 0.479167 0.498886 0.51437  -nan 0 0.0030974 0.00335103
1940 0.149565 0 0 0 0.506339 0.498133 0.487121  -nan 0 0.00309715 0.00335103
1950 0.142259 0 0 0 0.482196 0.479725 0.488476  -nan 0 0.00309491 0.00335103
1960 0.147023 0 0 0 0.487119 0.5 0.481264  -nan 0 0.00307611 0.00335103
1970 0.148728 0 0 0 0.498158 0.502754 0.478863  -nan 0 0.00309584 0.00335103
1980 0.165861 0 0 0 0.490441 0.497781 0.507764  -nan 0 0.00309064 0.00335103
1990 0.165294 0 0 0 0.506126 0.519708 0.489426  -nan 0 0.00310006 0.00335103
2000 0.134571 0 0 0 0.486038 0.513889 0.502678  -nan 0 0.00310426 0.00335103
2010 0.126839 0 0 0 0.511663 0.528824 0.49708  -nan 0 0.00309258 0.00335103
2020 0.134788 0 0 0 0.503106 0.484156 0.526199  -nan 0 0.0030952 0.00335103
2030 0.13916 0 0 0 0.533436 0.514005 0.534107  -nan 0 0.00309269 0.00335103
2040 0.119935 0 0 0 0.507496 0.525019 0.49305  -nan 0 0.00307543 0.00335103
2050 0.064663 0 0 0 0.514438 0.501898 0.520849  -nan 0 0.00307145 0.00335103
2060 0.0530606 0 0 0 0.513553 0.494382 0.519231  -nan 0 0.00307527 0.00335103
2070 0.052991 0 0 0 0.513595 0.505585 0.495874  -nan 0 0.0030651 0.00335103
2080 0.102103 0 0 0 0.534307 0.521203 0.491373  -nan 0 0.00306173 0.00335103
2090 0.117681 0 0 0 0.509978 0.515938 0.5547  -nan 0 0.00305957 0.00335103
2100 0.072899 0 0 0 0.533937 0.542098 0.507576  -nan 0 0.0030596 0.00335103
2110 0.0490223 0 0 0 0.481928 0.533818 0.507325  -nan 0 0.0030399 0.00335103
2120 0.0241417 0 0 0 0.524833 0.51106 0.492537  -nan 0 0.00305887 0.00335103
2130 0.0480481 0 0 0 0.505035 0.520122 0.521552  -nan 0 0.00305078 0.00335103
2140 0.0634942 0 0 0 0.52003 0.53028 0.532037  -nan 0 0.00305277 0.00335103
2150 0.0761876 0 0 0 0.508359 0.512213 0.524381  -nan 0 0.00304931 0.00335103
2160 0.0724487 0 0 0 0.5 0.514859 0.509274  -nan 0 0.00303772 0.00335103
2170 0.0700809 0 0 0 0.539896 0.519231 0.501148  -nan 0 0.00306471 0.00335103
2180 0.0619469 0 0 0 0.498459 0.485947 0.487407  -nan 0 0.00305011 0.00335103
2190 0.0754432 0 0 0 0.506939 0.502008 0.491342  -nan 0 0.00305864 0.00335103
2200 0.0853907 0 0 0 0.522628 0.505343 0.5  -nan 0 0.00305599 0.00335103
2210 0.127879 0 0 0 0.474171 0.492947 0.494838  -nan 0 0.00304607 0.00335103
2220 0.116774 0 0 0 0.501136 0.521552 0.496504  -nan 0 0.00303531 0.00335103
2230 0.125845 0 0 0 0.514095 0.50112 0.482102  -nan 0 0.00305693 0.00335103
2240 0.119965 0 0 0 0.520548 0.52158 0.498105  -nan 0 0.0030454 0.00335103
2250 0.12063 0 0 0 0.508745 0.498138 0.491803  -nan 0 0.00303919 0.00335103
2260 0.120476 0 0 0 0.485156 0.477484 0.498122  -nan 0 0.0030455 0.00335103
2270 0.12427 0 0 0 0.526433 0.516028 0.466618  -nan 0 0.00302733 0.00335103
2280 0.139181 0 0 0 0.503053 0.501132 0.501099  -nan 0 0.00303674 0.00335103
2290 0.110009 0 0 0 0.497768 0.488544 0.510361  -nan 0 0.00303172 0.00335103
2300 0.109369 0 0 0 0.510701 0.514859 0.52348  -nan 0 0.00302883 0.00335103
2310 0.123864 0 0 0 0.526198 0.518081 0.517953  -nan 0 0.00302678 0.00335103
2320 0.13553 0 0 0 0.53003 0.525253 0.497466  -nan 0 0.00301293 0.00335103
2330 0.129224 0 0 0 0.520089 0.505747 0.495189  -nan 0 0.00302567 0.00335103
2340 0.120844 0 0 0 0.520786 0.474144 0.549847  -nan 0 0.00302989 0.00335103
2350 0.108401 0 0 0 0.525954 0.516248 0.526946  -nan 0 0.00302826 0.00335103
2360 0.124539 0 0 0 0.537594 0.512453 0.498141  -nan 0 0.00301345 0.00335103
2370 0.139961 0 0 0 0.533043 0.508487 0.507098  -nan 0 0.0030113 0.00335103
2380 0.134907 0 0 0 0.502229 0.540059 0.507657  -nan 0 0.00301292 0.00335103
2390 0.121841 0 0 0 0.51452 0.510845 0.538636  -nan 0 0.00300883 0.00335103
2400 0.100183 0 0 0 0.512574 0.512941 0.506191  -nan 0 0.00300805 0.00335103
2410 0.0882789 0 0 0 0.477376 0.490775 0.478393  -nan 0 0.00302304 0.00335103
2420 0.108637 0 0 0 0.48258 0.493985 0.507192  -nan 0 0.00300776 0.00335103
2430 0.11499 0 0 0 0.512453 0.493921 0.511405  -nan 0 0.00299741 0.00335103
2440 0.12158 0 0 0 0.505543 0.515083 0.516276  -nan 0 0.00300434 0.00335103
2450 0.101947 0 0 0 0.485863 0.486025 0.491228  -nan 0 0.00301437 0.00335103
2460 0.0851265 0 0 0 0.491004 0.478097 0.477645  -nan 0 0.00300987 0.00335103
2470 0.122946 0 0 0 0.47793 0.524866 0.498187  -nan 0 0.00301397 0.00335103
2480 0.120305 0 0 0 0.487216 0.511232 0.511145  -nan 0 0.00300821 0.00335103
2490 0.128076 0 0 0 0.509531 0.512308 0.510479  -nan 0 0.00301135 0.00335103
2500 0.0807975 0 0 0 0.513373 0.510329 0.501114  -nan 0 0.0030104 0.00335103
2510 0.106019 0 0 0 0.512821 0.526042 0.486445  -nan 0 0.00301934 0.00335103
2520 0.132509 0 0 0 0.532075 0.519016 0.482759  -nan 0 0.00300907 0.00335103
2530 0.151854 0 0 0 0.498525 0.470982 0.496923  -nan 0 0.00301934 0.00335103
2540 0.144784 0 0 0 0.518142 0.523991 0.508021  -nan 0 0.00303238 0.00335103
2550 0.164873 0 0 0 0.527612 0.511951 0.499633  -nan 0 0.00301328 0.00335103
2560 0.143222 0 0 0 0.506677 0.5 0.494822  -nan 0 0.00300989 0.00335103
2570 0.16984 0 0 0 0.498845 0.522026 0.520538  -nan 0 0.00300949 0.00335103
2580 0.145811 0 0 0 0.498125 0.478916 0.500373  -nan 0 0.00300543 0.00335103
2590 0.155594 0 0 0 0.519142 0.502564 0.498119  -nan 0 0.0030051 0.00335103
2600 0.133327 0 0 0 0.515195 0.5058 0.522264  -nan 0 0.00299034 0.00335103
2610 0.113591 0 0 0 0.494934 0.4982 0.504518  -nan 0 0.00298314 0.00335103
2620 0.0958959 0 0 0 0.50261 0.508633 0.514578  -nan 0 0.00298384 0.00335103
2630 0.103609 0 0 0 0.508234 0.51087 0.515262  -nan 0 0.00298742 0.00335103
2640 0.103972 0 0 0 0.505988 0.49588 0.501129  -nan 0 0.00299004 0.00335103
2650 0.103078 0 0 0 0.520235 0.491379 0.499634  -nan 0 0.00298322 0.00335103
2660 0.0876111 0 0 0 0.487482 0.529632 0.501146  -nan 0 0.00299881 0.00335103
2670 0.0752712 0 0 0 0.50699 0.494665 0.495862  -nan 0 0.0029937 0.00335103
2680 0.0991019 0 0 0 0.540959 0.513069 0.518377  -nan 0 0.00298278 0.00335103
2690 0.106467 0 0 0 0.535398 0.547766 0.533432  -nan 0 0.00298282 0.00335103
2700 0.0838751 0 0 0 0.506051 0.531387 0.517584  -nan 0 0.00297991 0.00335103
2710 0.0745769 0 0 0 0.503518 0.500364 0.526746  -nan 0 0.00298066 0.00335103
2720 0.0574391 0 0 0 0.521538 0.553664 0.53447  -nan 0 0.00297667 0.00335103
2730 0.0725586 0 0 0 0.504951 0.497413 0.518741  -nan 0 0.0029659 0.00335103
2740 0.0967814 0 0 0 0.502266 0.507925 0.522576  -nan 0 0.00295767 0.00335103
2750 0.0839886 0 0 0 0.505961 0.5 0.504637  -nan 0 0.00296297 0.00335103
2760 0.0766986 0 0 0 0.530705 0.47803 0.476855  -nan 0 0.00294899 0.00335103
2770 0.0789783 0 0 0 0.498152 0.519118 0.508936  -nan 0 0.00294314 0.00335103
2780 0.106293 0 0 0 0.503443 0.528868 0.523673  -nan 0 0.00294709 0.00335103
2790 0.111174 0 0 0 0.512286 0.51049 0.531387  -nan 0 0.00295473 0.00335103
2800 0.105855 0 0 0 0.526819 0.53323 0.518959  -nan 0 0.00294418 0.00335103
2810 0.0583808 0 0 0 0.508721 0.523847 0.513755  -nan 0 0.00295505 0.00335103
2820 0.0604211 0 0 0 0.532319 0.531114 0.547199  -nan 0 0.00294852 0.00335103
2830 0.0703537 0 0 0 0.494262 0.504854 0.502954  -nan 0 0.0029541 0.00335103
2840 0.12523 0 0 0 0.521158 0.51963 0.514032  -nan 0 0.00294017 0.00335103
2850 0.130596 0 0 0 0.508563 0.520265 0.551538  -nan 0 0.00295712 0.00335103
2860 0.118478 0 0 0 0.524272 0.491729 0.506386  -nan 0 0.00293765 0.00335103
2870 0.112408 0 0 0 0.513714 0.482528 0.495406  -nan 0 0.00293561 0.00335103
2880 0.131354 0 0 0 0.509559 0.49537 0.50744  -nan 0 0.00292723 0.00335103
2890 0.0891943 0 0 0 0.49708 0.478495 0.498494  -nan 0 0.00293697 0.00335103
2900 0.0964303 0 0 0 0.4838 0.508705 0.46707  -nan 0 0.00293249 0.00335103
2910 0.0853643 0 0 0 0.510264 0.498136 0.498842  -nan 0 0.00293612 0.00335103
2920 0.0925485 0 0 0 0.518547 0.507692 0.531963  -nan 0 0.00293467 0.00335103
2930 0.125736 0 0 0 0.494776 0.522036 0.509673  -nan 0 0.00294157 0.00335103
2940 0.136225 0 0 0 0.522976 0.524701 0.530549  -nan 0 0.0029236 0.00335103
2950 0.133826 0 0 0 0.514897 0.485693 0.503765  -nan 0 0.00292495 0.00335103
2960 0.113745 0 0 0 0.498122 0.492006 0.484145  -nan 0 0.00292308 0.00335103
2970 0.0950873 0 0 0 0.508232 0.502269 0.484778  -nan 0 0.00291445 0.00335103
2980 0.0855902 0 0 0 0.501834 0.487141 0.493536  -nan 0 0.00293323 0.00335103
2990 0.100184 0 0 0 0.503096 0.505331 0.515757  -nan 0 0.00293308 0.00335103
3000 0.114598 0 0 0 0.504241 0.516779 0.530103  -nan 0 0.00293329 0.00335103
3010 0.119046 0 0 0 0.521706 0.521386 0.50263  -nan 0 0.00293496 0.00335103
3020 0.109007 0 0 0 0.489734 0.495959 0.482628  -nan 0 0.00293367 0.00335103
3030 0.135359 0 0 0 0.498113 0.49368 0.498496  -nan 0 0.00292504 0.00335103
3040 0.110424 0 0 0 0.488645 0.512214 0.480234  -nan 0 0.00292837 0.00335103
3050 0.0785503 0 0 0 0.50036 0.495461 0.503486  -nan 0 0.0029199 0.00335103
3060 0.140719 0 0 0 0.498492 0.521334 0.483032  -nan 0 0.00293107 0.00335103
3070 0.151255 0 0 0 0.503754 0.511381 0.497037  -nan 0 0.00294123 0.00335103
3080 0.141875 0 0 0 0.488068 0.493421 0.508627  -nan 0 0.00293926 0.00335103
3090 0.139496 0 0 0 0.516276 0.502572 0.510622  -nan 0 0.00294499 0.00335103
3100 0.108502 0 0 0 0.520801 0.503003 0.512409  -nan 0 0.00295922 0.00335103
3110 0.0978177 0 0 0 0.490399 0.521445 0.503417  -nan 0 0.00294989 0.00335103
3120 0.116286 0 0 0 0.514829 0.49344 0.479817  -nan 0 0.00295192 0.00335103
3130 0.11606 0 0 0 0.50783 0.497731 0.477188  -nan 0 0.00293619 0.00335103
3140 0.11208 0 0 0 0.509876 0.480813 0.502301  -nan 0 0.00293191 0.00335103
3150 0.114604 0 0 0 0.504228 0.507213 0.513748  -nan 0 0.0029455 0.00335103
3160 0.109864 0 0 0 0.515129 0.508902 0.521053  -nan 0 0.00294117 0.00335103
3170 0.12644 0 0 0 0.522214 0.512434 0.518462  -nan 0 0.00294063 0.00335103
3180 0.122533 0 0 0 0.500734 0.511747 0.527429  -nan 0 0.00294799 0.00335103
3190 0.112399 0 0 0 0.523444 0.51988 0.49634  -nan 0 0.00293671 0.00335103
3200 0.0811137 0 0 0 0.495079 0.492926 0.508234  -nan 0 0.00294143 0.00335103
3210 0.0740631 0 0 0 0.494465 0.505043 0.505162  -nan 0 0.00293464 0.00335103
3220 0.0506101 0 0 0 0.497748 0.51682 0.528676  -nan 0 0.00293057 0.00335103
3230 0.0664745 0 0 0 0.504108 0.502276 0.540581  -nan 0 0.00292464 0.00335103
3240 0.0638436 0 0 0 0.514775 0.498578 0.522936  -nan 0 0.00293097 0.00335103
3250 0.0804051 0 0 0 0.507564 0.5195 0.496588  -nan 0 0.00292867 0.00335103
3260 0.105557 0 0 0 0.510511 0.508902 0.501515  -nan 0 0.00293047 0.00335103
3270 0.0856406 0 0 0 0.4814 0.478519 0.493354  -nan 0 0.00291995 0.00335103
3280 0.116963 0 0 0 0.517428 0.500355 0.50384  -nan 0 0.00292605 0.00335103
3290 0.0836302 0 0 0 0.457353 0.481032 0.484115  -nan 0 0.00292794 0.00335103
3300 0.0821636 0 0 0 0.503035 0.481373 0.477532  -nan 0 0.00293116 0.00335103
3310 0.0620143 0 0 0 0.497823 0.516202 0.516602  -nan 0 0.0029242 0.00335103
3320 0.0962059 0 0 0 0.496361 0.483728 0.484301  -nan 0 0.0029098 0.00335103
3330 0.0768721 0 0 0 0.509819 0.496006 0.482222  -nan 0 0.00292506 0.00335103
3340 0.0934677 0 0 0 0.506503 0.496392 0.479725  -nan 0 0.00292637 0.00335103
3350 0.107939 0 0 0 0.474981 0.477341 0.481481  -nan 0 0.00291459 0.00335103
3360 0.0815682 0 0 0 0.502564 0.515781 0.492515  -nan 0 0.00291265 0.00335103
3370 0.0188303 0 0 0 0.518631 0.503282 0.501522  -nan 0 0.00291261 0.00335103
3380 0.0522231 0 0 0 0.501149 0.491386 0.520588  -nan 0 0.00290878 0.00335103
3390 0.0636153 0 0 0 0.51106 0.509091 0.506939  -nan 0 0.00292642 0.00335103
3400 0.0841476 0 0 0 0.486142 0.479554 0.505303  -nan 0 0.00291389 0.00335103
3410 0.110914 0 0 0 0.480741 0.485238 0.482318  -nan 0 0.00292292 0.00335103
3420 0.114343 0 0 0 0.499247 0.454201 0.45966  -nan 0 0.00292626 0.00335103
3430 0.109632 0 0 0 0.484086 0.488263 0.487236  -nan 0 0.0029191 0.00335103
3440 0.135873 0 0 0 0.487104 0.497028 0.501928  -nan 0 0.0029227 0.00335103
3450 0.123841 0 0 0 0.473023 0.49233 0.495305  -nan 0 0.00291852 0.00335103
3460 0.114249 0 0 0 0.467159 0.505311 0.473248  -nan 0 0.00289974 0.00335103
3470 0.0909668 0 0 0 0.513983 0.501848 0.500755  -nan 0 0.00290915 0.00335103
3480 0.0985734 0 0 0 0.492625 0.493556 0.482264  -nan 0 0.00290828 0.00335103
3490 0.0952351 0 0 0 0.473023 0.511905 0.503454  -nan 0 0.00291492 0.00335103
3500 0.0870094 0 0 0 0.475638 0.504511 0.488017  -nan 0 0.00292059 0.00335103
3510 0.0908723 0 0 0 0.487823 0.483571 0.490669  -nan 0 0.00290445 0.00335103
3520 0.0740617 0 0 0 0.504418 0.499617 0.507116  -nan 0 0.00290762 0.00335103
3530 0.0838394 0 0 0 0.498075 0.496307 0.511507  -nan 0 0.0029227 0.00335103
3540 0.0681413 0 0 0 0.482784 0.491704 0.508221  -nan 0 0.00292115 0.00335103
3550 0.032762 0 0 0 0.466814 0.486983 0.526158  -nan 0 0.00291183 0.00335103
3560 0.0131763 0 0 0 0.511261 0.479584 0.477668  -nan 0 0.00292503 0.00335103
3570 0.0196517 0 0 0 0.48469 0.476852 0.473993  -nan 0 0.00292802 0.00335103
3580 0.0518689 0 0 0 0.494905 0.530973 0.488069  -nan 0 0.00291561 0.00335103
3590 0.0783778 0 0 0 0.521772 0.502252 0.515719  -nan 0 0.00290714 0.00335103
3600 0.0815403 0 0 0 0.498845 0.536918 0.496172  -nan 0 0.002924 0.00335103
3610 0.106035 0 0 0 0.506015 0.529278 0.501845  -nan 0 0.00290841 0.00335103
3620 0.102072 0 0 0 0.493837 0.5 0.502937  -nan 0 0.00291672 0.00335103
3630 0.104492 0 0 0 0.496614 0.521348 0.510479  -nan 0 0.00289851 0.00335103
3640 0.0754199 0 0 0 0.489283 0.501949 0.513196  -nan 0 0.00290115 0.00335103
3650 0.0549794 0 0 0 0.505435 0.494861 0.523704  -nan 0 0.00290993 0.00335103
3660 0.0640443 0 0 0 0.505837 0.501109 0.530837  -nan 0 0.00290537 0.00335103
3670 0.0760034 0 0 0 0.471557 0.494399 0.49283  -nan 0 0.00290777 0.00335103
3680 0.0878031 0 0 0 0.504986 0.509302 0.543645  -nan 0 0.00290626 0.00335103
3690 0.0679269 0 0 0 0.548338 0.512268 0.543201  -nan 0 0.00290496 0.00335103
3700 0.0739666 0 0 0 0.527964 0.511094 0.511834  -nan 0 0.00291125 0.00335103
3710 0.126757 0 0 0 0.532751 0.526437 0.512491  -nan 0 0.00290678 0.00335103
3720 0.125571 0 0 0 0.506126 0.524602 0.522104  -nan 0 0.00290468 0.00335103
3730 0.144404 0 0 0 0.533382 0.527672 0.547041  -nan 0 0.00290557 0.00335103
3740 0.134474 0 0 0 0.494083 0.496918 0.53037  -nan 0 0.00290472 0.00335103
3750 0.0823506 0 0 0 0.497334 0.480727 0.470274  -nan 0 0.00290903 0.00335103
3760 0.0726563 0 0 0 0.523596 0.507818 0.521936  -nan 0 0.00292533 0.00335103
3770 0.0574718 0 0 0 0.514198 0.500754 0.524435  -nan 0 0.00292264 0.00335103
3780 0.0402007 0 0 0 0.507181 0.536748 0.5  -nan 0 0.00291546 0.00335103
3790 0.0632034 0 0 0 0.539012 0.523884 0.534691  -nan 0 0.00290494 0.00335103
3800 0.122211 0 0 0 0.531319 0.53118 0.500762  -nan 0 0.00289688 0.00335103
3810 0.105205 0 0 0 0.504741 0.511556 0.515402  -nan 0 0.00291354 0.00335103
3820 0.10321 0 0 0 0.503341 0.506107 0.516009  -nan 0 0.00292097 0.00335103
3830 0.0816521 0 0 0 0.49731 0.533484 0.509489  -nan 0 0.00291453 0.00335103
3840 0.0460169 0 0 0 0.517611 0.529324 0.504826  -nan 0 0.00290904 0.00335103
3850 0.0966536 0 0 0 0.488739 0.479705 0.503427  -nan 0 0.00291558 0.00335103
3860 0.0900736 0 0 0 0.525661 0.518409 0.492625  -nan 0 0.00290176 0.00335103
3870 0.10328 0 0 0 0.516081 0.495102 0.531437  -nan 0 0.00290884 0.00335103
3880 0.0756606 0 0 0 0.525094 0.499231 0.498901  -nan 0 0.0029162 0.00335103
3890 0.0391532 0 0 0 0.496235 0.518997 0.491888  -nan 0 0.00291277 0.00335103
3900 0.0385984 0 0 0 0.521616 0.500775 0.514242  -nan 0 0.00292393 0.00335103
3910 0.0372133 0 0 0 0.538922 0.493223 0.527695  -nan 0 0.00293001 0.00335103
3920 0.0535592 0 0 0 0.513373 0.513369 0.530855  -nan 0 0.00291974 0.00335103
3930 0.0733347 0 0 0 0.524653 0.502183 0.490211  -nan 0 0.00292722 0.00335103
3940 0.08201 0 0 0 0.520944 0.528116 0.506929  -nan 0 0.00292057 0.00335103
3950 0.0627054 0 0 0 0.507681 0.525542 0.529456  -nan 0 0.00289809 0.00335103
3960 0.0549375 0 0 0 0.496923 0.508124 0.506686  -nan 0 0.00291396 0.00335103
3970 0.0285502 0 0 0 0.530166 0.499624 0.502606  -nan 0 0.00289628 0.00335103
3980 0.0410274 0 0 0 0.500369 0.504518 0.504935  -nan 0 0.00291202 0.00335103
3990 -0.00901957 0 0 0 0.508065 0.501449 0.499204  -nan 0 0.00291323 0.00335103
4000 0.0312809 0 0 0 0.505695 0.509132 0.501826  -nan 0 0.00291127 0.00335103
4010 0.0444068 0 0 0 0.493958 0.510993 0.481209  -nan 0 0.002921 0.00335103
4020 0.064726 0 0 0 0.491133 0.483419 0.471768  -nan 0 0.002913 0.00335103
4030 0.0597669 0 0 0 0.466615 0.494685 0.482115  -nan 0 0.00293024 0.00335103
4040 0.0649618 0 0 0 0.502591 0.5 0.504151  -nan 0 0.00291642 0.00335103
4050 0.0647082 0 0 0 0.524249 0.49851 0.497425  -nan 0 0.00293689 0.00335103
4060 0.0237743 0 0 0 0.49247 0.48053 0.49928  -nan 0 0.00293448 0.00335103
4070 0.0283185 0 0 0 0.493884 0.508437 0.474793  -nan 0 0.0029366 0.00335103
4080 0.0581022 0 0 0 0.50717 0.468441 0.478676  -nan 0 0.00292673 0.00335103
4090 0.0652565 0 0 0 0.483384 0.490964 0.491098  -nan 0 0.0029196 0.00335103
4100 0.0398674 0 0 0 0.518081 0.506677 0.508867  -nan 0 0.00291049 0.00335103
4110 0.033858 0 0 0 0.504935 0.512821 0.497851  -nan 0 0.00292904 0.00335103
4120 0.0514108 0 0 0 0.490385 0.472435 0.467213  -nan 0 0.00292641 0.00335103
4130 0.0321899 0 0 0 0.452308 0.485393 0.469597  -nan 0 0.00292273 0.00335103
4140 0.0391496 0 0 0 0.477987 0.460926 0.454681  -nan 0 0.00292632 0.00335103
4150 0.0921488 0 0 0 0.481319 0.463005 0.481873  -nan 0 0.00292312 0.00335103
4160 0.0678807 0 0 0 0.480176 0.477821 0.478936  -nan 0 0.00292377 0.00335103
4170 0.106365 0 0 0 0.46281 0.47651 0.476657  -nan 0 0.00292037 0.00335103
4180 0.0833774 0 0 0 0.488355 0.488444 0.485693  -nan 0 0.00292773 0.00335103
4190 0.0964789 0 0 0 0.48231 0.46858 0.469834  -nan 0 0.00292875 0.00335103
4200 0.10724 0 0 0 0.471545 0.479277 0.468939  -nan 0 0.00292491 0.00335103
4210 0.131567 0 0 0 0.492355 0.497771 0.484398  -nan 0 0.00293295 0.00335103
4220 0.107925 0 0 0 0.487988 0.502262 0.481371  -nan 0 0.00293614 0.00335103
4230 0.115144 0 0 0 0.480769 0.466221 0.454545  -nan 0 0.00294047 0.00335103
4240 0.135614 0 0 0 0.482353 0.464313 0.439043  -nan 0 0.00291788 0.00335103
4250 0.127182 0 0 0 0.473364 0.484387 0.461763  -nan 0 0.00292694 0.00335103
4260 0.124435 0 0 0 0.486407 0.485216 0.477273  -nan 0 0.00292764 0.00335103
4270 0.0818321 0 0 0 0.491935 0.458589 0.489489  -nan 0 0.00292376 0.00335103
4280 0.0850492 0 0 0 0.476599 0.464521 0.475944  -nan 0 0.00289989 0.00335103
4290 0.0981754 0 0 0 0.494161 0.483121 0.467232  -nan 0 0.0029219 0.00335103
4300 0.0896108 0 0 0 0.478455 0.484552 0.487566  -nan 0 0.00292178 0.00335103
4310 0.105199 0 0 0 0.471935 0.46692 0.453794  -nan 0 0.00292134 0.00335103
4320 0.103022 0 0 0 0.476874 0.45448 0.473723  -nan 0 0.0029172 0.00335103
4330 0.079236 0 0 0 0.490392 0.492582 0.475204  -nan 0 0.00291218 0.00335103
4340 0.0964669 0 0 0 0.496669 0.485932 0.486507  -nan 0 0.00291034 0.00335103
4350 0.040131 0 0 0 0.483942 0.494136 0.468542  -nan 0 0.00291611 0.00335103
4360 0.0763282 0 0 0 0.492679 0.477974 0.470912  -nan 0 0.00291672 0.00335103
4370 0.0905297 0 0 0 0.486175 0.486163 0.453343  -nan 0 0.00291863 0.00335103
4380 0.10877 0 0 0 0.5165 0.490239 0.502283  -nan 0 0.00291174 0.00335103
4390 0.0947111 0 0 0 0.489811 0.507865 0.502985  -nan 0 0.00291191 0.00335103
4400 0.0839892 0 0 0 0.502666 0.515333 0.481481  -nan 0 0.00292202 0.00335103
4410 0.0867216 0 0 0 0.498496 0.489552 0.480451  -nan 0 0.00291012 0.00335103
4420 0.0562069 0 0 0 0.495855 0.47046 0.502304  -nan 0 0.0029124 0.00335103
4430 0.0461998 0 0 0 0.476048 0.484434 0.478842  -nan 0 0.00292139 0.00335103
4440 0.00402395 0 0 0 0.491721 0.476448 0.508359  -nan 0 0.00291484 0.00335103
4450 0.00296991 0 0 0 0.472447 0.478293 0.465848  -nan 0 0.00291084 0.00335103
4460 0.0141238 0 0 0 0.500745 0.487879 0.458146  -nan 0 0.00292277 0.00335103
4470 0.0269551 0 0 0 0.46027 0.450509 0.45356  -nan 0 0.00291601 0.00335103
4480 0.0562661 0 0 0 0.459101 0.469311 0.470543  -nan 0 0.00291785 0.00335103
4490 0.0556908 0 0 0 0.471852 0.479412 0.477519  -nan 0 0.00291037 0.00335103
4500 0.0698147 0 0 0 0.4787 0.469916 0.453917  -nan 0 0.00290586 0.00335103
4510 0.0428577 0 0 0 0.493421 0.456587 0.473765  -nan 0 0.00290305 0.00335103
4520 0.0578385 0 0 0 0.496951 0.484781 0.489187  -nan 0 0.00291114 0.00335103
4530 0.0628954 0 0 0 0.50366 0.475262 0.493846  -nan 0 0.00290139 0.00335103
4540 0.0707288 0 0 0 0.487952 0.476085 0.504189  -nan 0 0.00291063 0.00335103
4550 0.106954 0 0 0 0.516435 0.49368 0.51944  -nan 0 0.0029228 0.00335103
4560 0.0859793 0 0 0 0.502924 0.499253 0.516229  -nan 0 0.00291568 0.00335103
4570 0.080889 0 0 0 0.5 0.496201 0.504478  -nan 0 0.0029218 0.00335103
4580 0.0757268 0 0 0 0.490991 0.491241 0.49923  -nan 0 0.00290747 0.00335103
4590 0.0362238 0 0 0 0.498903 0.477623 0.493642  -nan 0 0.00291532 0.00335103
4600 0.0363458 0 0 0 0.468616 0.465613 0.488372  -nan 0 0.00290957 0.00335103
4610 0.0554676 0 0 0 0.472179 0.452143 0.477795  -nan 0 0.00291662 0.00335103
4620 0.0515609 0 0 0 0.479029 0.473561 0.472325  -nan 0 0.00290609 0.00335103
4630 0.0556213 0 0 0 0.503486 0.458481 0.473846  -nan 0 0.0028993 0.00335103
4640 0.0134495 0 0 0 0.474669 0.483057 0.48797  -nan 0 0.00288174 0.00335103
4650 0.0230652 0 0 0 0.496694 0.506126 0.510128  -nan 0 0.00290282 0.00335103
4660 0.0791985 0 0 0 0.517664 0.504307 0.505988  -nan 0 0.00288316 0.00335103
4670 0.0955688 0 0 0 0.533043 0.5 0.501127  -nan 0 0.00287669 0.00335103
4680 0.108571 0 0 0 0.47605 0.462236 0.487491  -nan 0 0.00288737 0.00335103
4690 0.0673169 0 0 0 0.486059 0.494883 0.527969  -nan 0 0.00288457 0.00335103
4700 0.0726689 0 0 0 0.494108 0.50111 0.50436  -nan 0 0.00289066 0.00335103
4710 0.0601105 0 0 0 0.49247 0.500741 0.488654  -nan 0 0.00287228 0.00335103
4720 0.091204 0 0 0 0.514409 0.490269 0.504702  -nan 0 0.00288204 0.00335103
4730 0.0738527 0 0 0 0.493402 0.485294 0.513393  -nan 0 0.00287605 0.00335103
4740 0.0534515 0 0 0 0.486225 0.49048 0.514137  -nan 0 0.00288432 0.00335103
4750 0.0604999 0 0 0 0.522843 0.483533 0.520623  -nan 0 0.00287403 0.00335103
4760 0.0621984 0 0 0 0.475969 0.459184 0.464873  -nan 0 0.00289106 0.00335103
4770 0.0726351 0 0 0 0.471852 0.461997 0.502294  -nan 0 0.00288577 0.00335103
4780 0.0803669 0 0 0 0.459922 0.476359 0.488444  -nan 0 0.00289756 0.00335103
4790 0.0799969 0 0 0 0.512802 0.496431 0.502626  -nan 0 0.00289222 0.00335103
4800 0.0677082 0 0 0 0.498886 0.459459 0.491163  -nan 0 0.00287704 0.00335103
4810 0.0405778 0 0 0 0.471462 0.441826 0.45708  -nan 0 0.00289216 0.00335103
4820 0.0430251 0 0 0 0.480422 0.450151 0.47997  -nan 0 0.00288395 0.00335103
4830 0.0351245 0 0 0 0.467303 0.465172 0.484892  -nan 0 0.0028945 0.00335103
4840 0.0899805 0 0 0 0.484783 0.479319 0.484499  -nan 0 0.00287053 0.00335103
4850 0.0917438 0 0 0 0.477769 0.4756 0.472504  -nan 0 0.00288038 0.00335103
4860 0.080546 0 0 0 0.48565 0.477238 0.509573  -nan 0 0.00288136 0.00335103
4870 0.0473437 0 0 0 0.468889 0.48417 0.481919  -nan 0 0.00287573 0.00335103
4880 0.0784609 0 0 0 0.463188 0.457121 0.467181  -nan 0 0.00288572 0.00335103
4890 0.0983753 0 0 0 0.486506 0.488923 0.444697  -nan 0 0.0028705 0.00335103
4900 0.0946845 0 0 0 0.509564 0.4596 0.488095  -nan 0 0.00288691 0.00335103
4910 0.0943097 0 0 0 0.464181 0.478593 0.490937  -nan 0 0.00288904 0.00335103
4920 0.078994 0 0 0 0.498122 0.482912 0.472411  -nan 0 0.00286608 0.00335103
4930 0.0774472 0 0 0 0.471362 0.469449 0.48243  -nan 0 0.0028835 0.00335103
4940 0.0729953 0 0 0 0.495817 0.470803 0.48289  -nan 0 0.00289806 0.00335103
4950 0.0633064 0 0 0 0.464259 0.452399 0.450376  -nan 0 0.00288438 0.00335103
4960 0.087001 0 0 0 0.499629 0.470948 0.513031  -nan 0 0.00287783 0.00335103
4970 0.110407 0 0 0 0.477778 0.513453 0.498476  -nan 0 0.00288557 0.00335103
4980 0.107234 0 0 0 0.495899 0.488661 0.499226  -nan 0 0.00289136 0.00335103
4990 0.0813423 0 0 0 0.484411 0.485163 0.468212  -nan 0 0.00288423 0.00335103
5000 0.111743 0 0 0 0.495562 0.483384 0.477341  -nan 0 0.00288912 0.00335103
5010 0.105403 0 0 0 0.471491 0.467219 0.501149  -nan 0 0.00289259 0.00335103
5020 0.0722514 0 0 0 0.491098 0.498538 0.479751  -nan 0 0.00290176 0.00335103
5030 0.0759365 0 0 0 0.490895 0.46702 0.487161  -nan 0 0.00289398 0.00335103
5040 0.0717891 0 0 0 0.499629 0.462406 0.475397  -nan 0 0.00288451 0.00335103
5050 0.0565865 0 0 0 0.469617 0.486765 0.473604  -nan 0 0.00289683 0.00335103
5060 0.0552675 0 0 0 0.474069 0.467383 0.463102  -nan 0 0.00288802 0.00335103
5070 0.0554343 0 0 0 0.471852 0.468981 0.476852  -nan 0 0.00288601 0.00335103
5080 0.0440246 0 0 0 0.485756 0.46896 0.472179  -nan 0 0.00289693 0.00335103
5090 0.0136116 0 0 0 0.474112 0.476372 0.488772  -nan 0 0.00290615 0.00335103
5100 0.0218415 0 0 0 0.475524 0.482301 0.475313  -nan 0 0.00290045 0.00335103
5110 0.0120502 0 0 0 0.465385 0.467572 0.449054  -nan 0 0.00289554 0.00335103
5120 0.00518141 0 0 0 0.474702 0.482344 0.476226  -nan 0 0.00290104 0.00335103
5130 0.0446843 0 0 0 0.467115 0.456669 0.483895  -nan 0 0.00290183 0.00335103
5140 0.0605643 0 0 0 0.486142 0.462908 0.460137  -nan 0 0.00289578 0.00335103
5150 0.0533018 0 0 0 0.480469 0.473102 0.471753  -nan 0 0.00289176 0.00335103
5160 0.0715814 0 0 0 0.448964 0.486163 0.461029  -nan 0 0.00289216 0.00335103
5170 0.055031 0 0 0 0.439706 0.468085 0.438822  -nan 0 0.00288825 0.00335103
5180 0.056165 0 0 0 0.485149 0.482609 0.471308  -nan 0 0.00287697 0.00335103
5190 0.0859255 0 0 0 0.487728 0.487943 0.489073  -nan 0 0.00289368 0.00335103
5200 0.0912827 0 0 0 0.485047 0.505043 0.473881  -nan 0 0.00288706 0.00335103
5210 0.082817 0 0 0 0.485518 0.493101 0.521739  -nan 0 0.00288305 0.00335103
5220 0.0539994 0 0 0 0.503386 0.481536 0.492787  -nan 0 0.00288567 0.00335103
5230 0.0501168 0 0 0 0.520599 0.490446 0.507188  -nan 0 0.00288857 0.00335103
5240 0.0577462 0 0 0 0.462585 0.479087 0.460352  -nan 0 0.002893 0.00335103
5250 0.0752505 0 0 0 0.4763 0.44403 0.469675  -nan 0 0.00288516 0.00335103
5260 0.0562358 0 0 0 0.479259 0.505287 0.491704  -nan 0 0.00288161 0.00335103
5270 0.0888626 0 0 0 0.495556 0.488921 0.483613  -nan 0 0.00289345 0.00335103
5280 0.0970137 0 0 0 0.490134 0.496012 0.492614  -nan 0 0.00289442 0.00335103
5290 0.113178 0 0 0 0.4623 0.481032 0.494522  -nan 0 0.00287732 0.00335103
5300 0.0976763 0 0 0 0.512555 0.486587 0.495399  -nan 0 0.00289726 0.00335103
5310 0.0777377 0 0 0 0.50146 0.494217 0.530383  -nan 0 0.00289714 0.00335103
5320 0.0855124 0 0 0 0.510417 0.51755 0.504935  -nan 0 0.00288636 0.00335103
5330 0.0709434 0 0 0 0.500382 0.477172 0.490623  -nan 0 0.00289077 0.00335103
5340 0.0612479 0 0 0 0.471154 0.505221 0.499644  -nan 0 0.00290312 0.00335103
5350 0.0641273 0 0 0 0.512859 0.478514 0.500383  -nan 0 0.00289441 0.00335103
5360 0.0882229 0 0 0 0.503687 0.509363 0.467532  -nan 0 0.00290183 0.00335103
5370 0.0451451 0 0 0 0.499267 0.478091 0.481591  -nan 0 0.00289953 0.00335103
5380 0.0507812 0 0 0 0.490124 0.503794 0.487452  -nan 0 0.00289034 0.00335103
5390 0.0697142 0 0 0 0.523088 0.495065 0.509638  -nan 0 0.00289912 0.00335103
5400 0.0693514 0 0 0 0.526552 0.482682 0.503063  -nan 0 0.00290686 0.00335103
5410 0.0548153 0 0 0 0.482916 0.502495 0.499219  -nan 0 0.00289472 0.00335103
5420 0.0525367 0 0 0 0.503475 0.478228 0.505462  -nan 0 0.00290738 0.00335103
5430 0.072212 0 0 0 0.495448 0.470719 0.515379  -nan 0 0.00290811 0.00335103
5440 0.0967909 0 0 0 0.517953 0.523585 0.489077  -nan 0 0.00290017 0.00335103
5450 0.0920483 0 0 0 0.510046 0.483088 0.524517  -nan 0 0.00289282 0.00335103
5460 0.0952035 0 0 0 0.529806 0.513796 0.528474  -nan 0 0.00289717 0.00335103
5470 0.0835992 0 0 0 0.503811 0.492135 0.506282  -nan 0 0.00289365 0.00335103
5480 0.0810033 0 0 0 0.516057 0.514116 0.49962  -nan 0 0.00289892 0.00335103
5490 0.0916942 0 0 0 0.511228 0.524056 0.48591  -nan 0 0.00289435 0.00335103
5500 0.0853011 0 0 0 0.504083 0.482733 0.479939  -nan 0 0.00290846 0.00335103
5510 0.0513724 0 0 0 0.518355 0.493939 0.500759  -nan 0 0.00290124 0.00335103
5520 0.0974924 0 0 0 0.511817 0.488872 0.514638  -nan 0 0.0029022 0.00335103
5530 0.104751 0 0 0 0.503475 0.477016 0.492017  -nan 0 0.00290428 0.00335103
5540 0.0946234 0 0 0 0.474539 0.514815 0.502703  -nan 0 0.00290153 0.00335103
5550 0.103223 0 0 0 0.484639 0.498883 0.479705  -nan 0 0.00290777 0.00335103
5560 0.0714015 0 0 0 0.525424 0.497054 0.522179  -nan 0 0.00290482 0.00335103
5570 0.0915008 0 0 0 0.501536 0.512821 0.524781  -nan 0 0.00290502 0.00335103
5580 0.0766658 0 0 0 0.487414 0.484561 0.485273  -nan 0 0.00289029 0.00335103
5590 0.0615368 0 0 0 0.513694 0.499622 0.493967  -nan 0 0.00289812 0.00335103
5600 0.0796494 0 0 0 0.509146 0.499614 0.511127  -nan 0 0.0028861 0.00335103
5610 0.0804287 0 0 0 0.514286 0.486911 0.495614  -nan 0 0.00288782 0.00335103
5620 0.0944222 0 0 0 0.513493 0.491587 0.529192  -nan 0 0.00289983 0.00335103
5630 0.0892538 0 0 0 0.489264 0.533083 0.509517  -nan 0 0.00290123 0.00335103
5640 0.0832613 0 0 0 0.508221 0.525346 0.488235  -nan 0 0.00289624 0.00335103
5650 0.0985992 0 0 0 0.485966 0.500742 0.468327  -nan 0 0.00289978 0.00335103
5660 0.11045 0 0 0 0.501453 0.512528 0.518745  -nan 0 0.00289541 0.00335103
5670 0.0722013 0 0 0 0.512709 0.500376 0.514706  -nan 0 0.00289172 0.00335103
5680 0.0690341 0 0 0 0.478194 0.467824 0.493893  -nan 0 0.00288676 0.00335103
5690 0.0623634 0 0 0 0.473724 0.469732 0.47909  -nan 0 0.00289385 0.00335103
5700 0.067943 0 0 0 0.504734 0.481175 0.508853  -nan 0 0.00288686 0.00335103
5710 0.0449907 0 0 0 0.486569 0.489235 0.505185  -nan 0 0.0028915 0.00335103
5720 0.0419668 0 0 0 0.494003 0.492123 0.498125  -nan 0 0.00290214 0.00335103
5730 0.0351192 0 0 0 0.463964 0.465632 0.469202  -nan 0 0.0029136 0.00335103
5740 0.0343578 0 0 0 0.501488 0.503341 0.488923  -nan 0 0.00291281 0.00335103
5750 0.0432584 0 0 0 0.501504 0.502242 0.475225  -nan 0 0.00290662 0.00335103
5760 0.0123047 0 0 0 0.516758 0.493506 0.513899  -nan 0 0.00290672 0.00335103
5770 0.0389568 0 0 0 0.508588 0.503401 0.503737  -nan 0 0.00292059 0.00335103
5780 0.0456476 0 0 0 0.518195 0.48978 0.491876  -nan 0 0.00290206 0.00335103
5790 0.0572521 0 0 0 0.510463 0.509687 0.500758  -nan 0 0.00291007 0.00335103
5800 0.0821227 0 0 0 0.471599 0.487654 0.49634  -nan 0 0.00290364 0.00335103
5810 0.0579638 0 0 0 0.486152 0.484667 0.472502  -nan 0 0.00289152 0.00335103
5820 0.0593563 0 0 0 0.500381 0.527231 0.510623  -nan 0 0.00288672 0.00335103
5830 0.0625318 0 0 0 0.489267 0.518142 0.515342  -nan 0 0.00290424 0.00335103
5840 0.0848674 0 0 0 0.530212 0.516279 0.52886  -nan 0 0.00289219 0.00335103
5850 0.0893472 0 0 0 0.534796 0.517766 0.5204  -nan 0 0.00289314 0.00335103
5860 0.0954918 0 0 0 0.530415 0.503412 0.504876  -nan 0 0.00289214 0.00335103
5870 0.0879492 0 0 0 0.504884 0.493161 0.498891  -nan 0 0.00290436 0.00335103
5880 0.101174 0 0 0 0.502924 0.530855 0.486402  -nan 0 0.00289837 0.00335103
5890 0.109098 0 0 0 0.49136 0.509023 0.495892  -nan 0 0.00289935 0.00335103
5900 0.0534279 0 0 0 0.502219 0.48173 0.533282  -nan 0 0.0028818 0.00335103
5910 0.0280801 0 0 0 0.504741 0.505765 0.514307  -nan 0 0.00286664 0.00335103
5920 0.00749592 0 0 0 0.491641 0.4763 0.49564  -nan 0 0.00288739 0.00335103
5930 0.000444279 0 0 0 0.500732 0.480092 0.48494  -nan 0 0.00288455 0.00335103
5940 0.0450911 0 0 0 0.5 0.494883 0.488497  -nan 0 0.00289469 0.00335103
5950 0.0268848 0 0 0 0.503464 0.480712 0.512934  -nan 0 0.00288472 0.00335103
5960 0.0446106 0 0 0 0.490494 0.48605 0.499622  -nan 0 0.00288111 0.00335103
5970 0.0329026 0 0 0 0.50189 0.508902 0.505643  -nan 0 0.00287955 0.00335103
5980 -0.0150593 0 0 0 0.498125 0.495286 0.46972  -nan 0 0.00288431 0.00335103
5990 0.00526043 0 0 0 0.489394 0.489474 0.485926  -nan 0 0.00288293 0.00335103
6000 -0.00966109 0 0 0 0.501127 0.502568 0.506126  -nan 0 0.00289684 0.00335103
6010 0.000920757 0 0 0 0.488772 0.476261 0.532675  -nan 0 0.00288667 0.00335103
6020 -0.014473 0 0 0 0.515982 0.517216 0.494815  -nan 0 0.00290563 0.00335103
6030 0.0138437 0 0 0 0.485012 0.475313 0.49851  -nan 0 0.00289534 0.00335103
6040 0.0199598 0 0 0 0.520548 0.510733 0.492135  -nan 0 0.00289627 0.00335103
6050 0.0350255 0 0 0 0.493845 0.496845 0.513694  -nan 0 0.00289221 0.00335103
6060 0.0215045 0 0 0 0.495182 0.504943 0.477545  -nan 0 0.00290405 0.00335103
6070 0.00512386 0 0 0 0.501555 0.481979 0.494226  -nan 0 0.00290603 0.00335103
6080 0.00389046 0 0 0 0.485693 0.499257 0.464555  -nan 0 0.00290011 0.00335103
6090 0.0171816 0 0 0 0.513616 0.496541 0.487291  -nan 0 0.00289517 0.00335103
6100 0.0230287 0 0 0 0.515709 0.509207 0.539361  -nan 0 0.00288663 0.00335103
6110 0.0351087 0 0 0 0.510173 0.496698 0.49313  -nan 0 0.00290404 0.00335103
6120 0.0632441 0 0 0 0.495455 0.508563 0.521316  -nan 0 0.00289146 0.00335103
6130 0.0595965 0 0 0 0.504727 0.478465 0.503709  -nan 0 0.00290673 0.00335103
6140 0.0603106 0 0 0 0.526632 0.523089 0.520802  -nan 0 0.00289163 0.00335103
6150 0.0679212 0 0 0 0.534237 0.5164 0.534577  -nan 0 0.00289596 0.00335103
6160 0.0568348 0 0 0 0.509919 0.509259 0.492182  -nan 0 0.00290239 0.00335103
6170 0.0801744 0 0 0 0.520362 0.492989 0.520091  -nan 0 0.00290127 0.00335103
6180 0.0569145 0 0 0 0.495658 0.501109 0.4917  -nan 0 0.00289754 0.00335103
6190 0.0797556 0 0 0 0.493161 0.533486 0.523516  -nan 0 0.00288819 0.00335103
6200 0.0392791 0 0 0 0.516517 0.488 0.528229  -nan 0 0.00288805 0.00335103
6210 0.0546265 0 0 0 0.52264 0.521459 0.526559  -nan 0 0.00288938 0.00335103
6220 0.0357433 0 0 0 0.507634 0.533385 0.485941  -nan 0 0.002898 0.00335103
6230 0.068551 0 0 0 0.513997 0.504108 0.507636  -nan 0 0.00288584 0.00335103
6240 0.0577437 0 0 0 0.51497 0.507937 0.510067  -nan 0 0.00288391 0.00335103
6250 0.0656864 0 0 0 0.510401 0.491867 0.507704  -nan 0 0.00288658 0.00335103
6260 0.0785411 0 0 0 0.494665 0.502937 0.487934  -nan 0 0.00287666 0.00335103
6270 0.0712952 0 0 0 0.48068 0.490139 0.507853  -nan 0 0.00288684 0.00335103
6280 0.0735164 0 0 0 0.488544 0.501506 0.510993  -nan 0 0.00288759 0.00335103
6290 0.0640533 0 0 0 0.475831 0.492319 0.498854  -nan 0 0.00286919 0.00335103
6300 0.0635569 0 0 0 0.495556 0.494981 0.519557  -nan 0 0.00287906 0.00335103
6310 0.0729229 0 0 0 0.51682 0.503731 0.525888  -nan 0 0.00288388 0.00335103
6320 0.0728236 0 0 0 0.512106 0.506042 0.527799  -nan 0 0.00287358 0.00335103
6330 0.0616006 0 0 0 0.529545 0.507084 0.524272  -nan 0 0.00288188 0.00335103
6340 0.0611865 0 0 0 0.519386 0.532688 0.52439  -nan 0 0.00286935 0.00335103
6350 0.0680364 0 0 0 0.535421 0.509687 0.518603  -nan 0 0.00288708 0.00335103
6360 0.0743175 0 0 0 0.499268 0.5117 0.494083  -nan 0 0.00288876 0.00335103
6370 0.0866768 0 0 0 0.510112 0.525843 0.518797  -nan 0 0.00288578 0.00335103
6380 0.0724792 0 0 0 0.525037 0.529323 0.526677  -nan 0 0.00288604 0.00335103
6390 0.0533455 0 0 0 0.493182 0.492958 0.537941  -nan 0 0.00286195 0.00335103
6400 0.076036 0 0 0 0.515294 0.513435 0.520772  -nan 0 0.00287309 0.00335103
6410 0.041097 0 0 0 0.532234 0.509652 0.495988  -nan 0 0.0028708 0.00335103
6420 0.0383328 0 0 0 0.508863 0.498903 0.512119  -nan 0 0.00286793 0.00335103
6430 0.0303153 0 0 0 0.513433 0.488561 0.501149  -nan 0 0.00287957 0.00335103
6440 0.047146 0 0 0 0.500758 0.480769 0.50753  -nan 0 0.00287715 0.00335103
6450 0.0457041 0 0 0 0.507364 0.509034 0.514974  -nan 0 0.0028834 0.00335103
6460 0.0383077 0 0 0 0.504053 0.526277 0.537152  -nan 0 0.00287639 0.00335103
6470 0.0326478 0 0 0 0.515385 0.525307 0.524355  -nan 0 0.00287135 0.00335103
6480 0.066582 0 0 0 0.514601 0.502557 0.504399  -nan 0 0.00285406 0.00335103
6490 0.0499288 0 0 0 0.507891 0.488654 0.503894  -nan 0 0.00286466 0.00335103
6500 0.04775 0 0 0 0.52765 0.510607 0.498873  -nan 0 0.00286719 0.00335103
6510 0.0756465 0 0 0 0.495273 0.529366 0.516905  -nan 0 0.00287118 0.00335103
6520 0.0624665 0 0 0 0.488522 0.482318 0.490995  -nan 0 0.00286679 0.00335103
6530 0.0555358 0 0 0 0.48418 0.460546 0.490552  -nan 0 0.00286689 0.00335103
6540 0.0427503 0 0 0 0.477395 0.493151 0.498471  -nan 0 0.00286235 0.00335103
6550 0.0235084 0 0 0 0.516129 0.488231 0.493121  -nan 0 0.00286749 0.00335103
6560 0.0495599 0 0 0 0.536059 0.525651 0.538168  -nan 0 0.00287131 0.00335103
6570 0.0630332 0 0 0 0.520611 0.505721 0.528644  -nan 0 0.00287954 0.00335103
6580 0.0265095 0 0 0 0.538576 0.527589 0.534236  -nan 0 0.00287639 0.00335103
6590 0.0645155 0 0 0 0.503263 0.494973 0.513554  -nan 0 0.00286761 0.00335103
6600 0.0729777 0 0 0 0.524981 0.516654 0.521407  -nan 0 0.00285497 0.00335103
6610 0.0599178 0 0 0 0.514328 0.522609 0.531008  -nan 0 0.00286795 0.00335103
6620 0.0400607 0 0 0 0.484667 0.4796 0.514663  -nan 0 0.00286536 0.00335103
6630 0.0663969 0 0 0 0.495923 0.523773 0.510022  -nan 0 0.00285971 0.00335103
6640 0.0692182 0 0 0 0.502509 0.494052 0.488839  -nan 0 0.0028701 0.00335103
6650 0.0693272 0 0 0 0.514563 0.475758 0.489933  -nan 0 0.00286857 0.00335103
6660 0.0556063 0 0 0 0.485824 0.493933 0.515456  -nan 0 0.00287624 0.00335103
6670 0.0659221 0 0 0 0.507505 0.519186 0.518127  -nan 0 0.00287659 0.00335103
6680 0.0702688 0 0 0 0.506061 0.496195 0.539531  -nan 0 0.00287463 0.00335103
6690 0.0558157 0 0 0 0.504464 0.508146 0.523775  -nan 0 0.00287978 0.00335103
6700 0.0459884 0 0 0 0.506716 0.506014 0.498938  -nan 0 0.00286615 0.00335103
6710 0.0368595 0 0 0 0.510703 0.488595 0.503376  -nan 0 0.00288242 0.00335103
6720 0.0236416 0 0 0 0.504755 0.493556 0.509893  -nan 0 0.00287891 0.00335103
6730 -0.028208 0 0 0 0.52352 0.492852 0.503326  -nan 0 0.00287103 0.00335103
6740 -0.0498467 0 0 0 0.527047 0.49922 0.50963  -nan 0 0.00287817 0.00335103
6750 -0.031681 0 0 0 0.518629 0.482264 0.501875  -nan 0 0.00287557 0.00335103
6760 0.0238088 0 0 0 0.509302 0.514695 0.506146  -nan 0 0.00287636 0.00335103
6770 0.0556072 0 0 0 0.514034 0.513879 0.497033  -nan 0 0.00288381 0.00335103
6780 0.048798 0 0 0 0.483474 0.490455 0.516829  -nan 0 0.00288017 0.00335103
6790 0.0385381 0 0 0 0.522197 0.521803 0.513657  -nan 0 0.00289183 0.00335103
6800 0.051661 0 0 0 0.524849 0.512177 0.509491  -nan 0 0.00289191 0.00335103
6810 0.074101 0 0 0 0.503053 0.514815 0.495522  -nan 0 0.00286666 0.00335103
6820 0.0704392 0 0 0 0.512859 0.529412 0.552809  -nan 0 0.00288549 0.00335103
6830 0.0871955 0 0 0 0.511095 0.535445 0.527988  -nan 0 0.00288454 0.00335103
6840 0.0828869 0 0 0 0.501821 0.505892 0.505908  -nan 0 0.00288553 0.00335103
6850 0.0605441 0 0 0 0.519644 0.491709 0.50712  -nan 0 0.00289356 0.00335103
6860 0.0345153 0 0 0 0.491188 0.460584 0.501132  -nan 0 0.00288653 0.00335103
6870 0.0133546 0 0 0 0.526792 0.53991 0.525612  -nan 0 0.00288689 0.00335103
6880 0.0228483 0 0 0 0.503422 0.47513 0.496263  -nan 0 0.0028904 0.00335103
6890 0.049137 0 0 0 0.493375 0.505527 0.5  -nan 0 0.00289043 0.00335103
6900 0.0528058 0 0 0 0.501447 0.496593 0.491133  -nan 0 0.00288713 0.00335103
6910 0.0558608 0 0 0 0.513168 0.479942 0.491538  -nan 0 0.00287674 0.00335103
6920 0.062766 0 0 0 0.507127 0.508315 0.528037  -nan 0 0.00287212 0.00335103
6930 0.074399 0 0 0 0.497519 0.519169 0.4727  -nan 0 0.00287524 0.00335103
6940 0.0640298 0 0 0 0.491641 0.47449 0.500762  -nan 0 0.0028718 0.00335103
6950 0.0695078 0 0 0 0.505585 0.534247 0.500787  -nan 0 0.00286602 0.00335103
6960 0.0438424 0 0 0 0.517584 0.503254 0.498854  -nan 0 0.0028801 0.00335103
6970 0.0467279 0 0 0 0.497491 0.499609 0.512821  -nan 0 0.0028728 0.00335103
6980 0.0390862 0 0 0 0.494557 0.498923 0.487509  -nan 0 0.00287561 0.00335103
6990 0.0517428 0 0 0 0.517656 0.514641 0.510361  -nan 0 0.00285306 0.00335103
7000 0.0604793 0 0 0 0.550186 0.527818 0.532971  -nan 0 0.00287095 0.00335103
7010 0.0700829 0 0 0 0.524101 0.508234 0.521002  -nan 0 0.00288722 0.00335103
7020 0.0763152 0 0 0 0.519732 0.510845 0.490909  -nan 0 0.00287927 0.00335103
7030 0.0800577 0 0 0 0.513302 0.480144 0.484667  -nan 0 0.00287799 0.00335103
7040 0.0822274 0 0 0 0.501096 0.512744 0.468003  -nan 0 0.00286816 0.00335103
7050 0.0752018 0 0 0 0.479714 0.473988 0.495217  -nan 0 0.00287326 0.00335103
7060 0.0438812 0 0 0 0.515709 0.493959 0.470497  -nan 0 0.00285937 0.00335103
7070 0.0580168 0 0 0 0.492015 0.506061 0.523077  -nan 0 0.00288189 0.00335103
7080 0.0341201 0 0 0 0.517477 0.494489 0.509448  -nan 0 0.00288045 0.00335103
7090 0.0577838 0 0 0 0.473493 0.512012 0.487994  -nan 0 0.00287988 0.00335103
7100 0.0671144 0 0 0 0.491045 0.492424 0.468657  -nan 0 0.00289101 0.00335103
7110 0.0739277 0 0 0 0.487585 0.489505 0.488407  -nan 0 0.00288123 0.00335103
7120 0.0863548 0 0 0 0.472411 0.477238 0.476085  -nan 0 0.00288181 0.00335103
7130 0.0937533 0 0 0 0.492319 0.495542 0.503698  -nan 0 0.00287678 0.00335103
7140 0.0921433 0 0 0 0.50484 0.500378 0.482009  -nan 0 0.00288906 0.00335103
7150 0.0926802 0 0 0 0.490007 0.481846 0.519216  -nan 0 0.0028808 0.00335103
7160 0.106529 0 0 0 0.479377 0.494203 0.50412  -nan 0 0.00288717 0.00335103
7170 0.0898533 0 0 0 0.519034 0.497727 0.533486  -nan 0 0.00288553 0.00335103
7180 0.096599 0 0 0 0.504741 0.497359 0.515337  -nan 0 0.00288947 0.00335103
7190 0.0781172 0 0 0 0.498122 0.516667 0.503336  -nan 0 0.00288973 0.00335103
7200 0.0814754 0 0 0 0.483296 0.502177 0.505098  -nan 0 0.00288938 0.00335103
7210 0.0904331 0 0 0 0.486204 0.481537 0.481982  -nan 0 0.00287863 0.00335103
7220 0.0945837 0 0 0 0.507784 0.502967 0.501919  -nan 0 0.00288056 0.00335103
7230 0.0756151 0 0 0 0.466034 0.490348 0.478293  -nan 0 0.00287731 0.00335103
7240 0.0785157 0 0 0 0.494407 0.47205 0.485777  -nan 0 0.00286665 0.00335103
7250 0.0883401 0 0 0 0.514903 0.465221 0.502649  -nan 0 0.00288089 0.00335103
7260 0.0853137 0 0 0 0.485359 0.474203 0.50228  -nan 0 0.00288021 0.00335103
7270 0.0749304 0 0 0 0.489978 0.515385 0.498152  -nan 0 0.00287197 0.00335103
7280 0.0706557 0 0 0 0.476888 0.46875 0.515464  -nan 0 0.00287274 0.00335103
7290 0.0389746 0 0 0 0.488069 0.494071 0.517751  -nan 0 0.00286807 0.00335103
7300 0.0368489 0 0 0 0.490066 0.492163 0.506227  -nan 0 0.00286062 0.00335103
7310 0.0548853 0 0 0 0.485007 0.494481 0.491966  -nan 0 0.0028653 0.00335103
7320 0.056268 0 0 0 0.50702 0.500729 0.511887  -nan 0 0.00287177 0.00335103
7330 0.0568281 0 0 0 0.508719 0.469248 0.475806  -nan 0 0.00287276 0.00335103
7340 0.0461636 0 0 0 0.481918 0.505652 0.51035  -nan 0 0.00286921 0.00335103
7350 0.0709032 0 0 0 0.473849 0.500364 0.497771  -nan 0 0.00288076 0.00335103
7360 0.0733314 0 0 0 0.498096 0.492937 0.504471  -nan 0 0.00287431 0.00335103
7370 0.0755165 0 0 0 0.525398 0.505952 0.495138  -nan 0 0.002869 0.00335103
7380 0.0687284 0 0 0 0.514155 0.504762 0.52259  -nan 0 0.00288202 0.00335103
7390 0.0610299 0 0 0 0.507418 0.514005 0.521412  -nan 0 0.00286703 0.00335103
7400 0.0442353 0 0 0 0.501506 0.510015 0.521106  -nan 0 0.00286169 0.00335103
7410 0.0564457 0 0 0 0.553144 0.528158 0.524444  -nan 0 0.00286522 0.00335103
7420 0.0541488 0 0 0 0.508863 0.481371 0.539877  -nan 0 0.00286096 0.00335103
7430 0.0150067 0 0 0 0.493661 0.492504 0.495849  -nan 0 0.00284805 0.00335103
7440 0.0316261 0 0 0 0.511577 0.486732 0.493457  -nan 0 0.00286505 0.00335103
7450 0.00247771 0 0 0 0.484802 0.506523 0.546705  -nan 0 0.00287251 0.00335103
7460 0.0106556 0 0 0 0.520124 0.53118 0.506899  -nan 0 0.00285811 0.00335103
7470 0.0133184 0 0 0 0.504988 0.505447 0.527273  -nan 0 0.00287427 0.00335103
7480 0.00455919 0 0 0 0.530455 0.509321 0.522761  -nan 0 0.00287864 0.00335103
7490 0.0150299 0 0 0 0.500792 0.519424 0.510386  -nan 0 0.00286465 0.00335103
7500 0.015855 0 0 0 0.509622 0.543191 0.521341  -nan 0 0.00287927 0.00335103
7510 -0.00880716 0 0 0 0.503391 0.537445 0.536995  -nan 0 0.00287458 0.00335103
7520 -0.0334207 0 0 0 0.490895 0.523774 0.516581  -nan 0 0.00288019 0.00335103
7530 -0.00863967 0 0 0 0.521999 0.526277 0.493884  -nan 0 0.00287668 0.00335103
7540 0.00972955 0 0 0 0.508982 0.479231 0.497067  -nan 0 0.00288213 0.00335103
7550 0.0235191 0 0 0 0.484544 0.522997 0.512518  -nan 0 0.00287754 0.00335103
7560 -0.0337448 0 0 0 0.50303 0.528065 0.509804  -nan 0 0.00286987 0.00335103
7570 -0.0366511 0 0 0 0.480726 0.504951 0.487537  -nan 0 0.00288939 0.00335103
7580 -0.0359712 0 0 0 0.506173 0.506454 0.502523  -nan 0 0.00288913 0.00335103
7590 -0.0168751 0 0 0 0.493614 0.492926 0.49095  -nan 0 0.00287725 0.00335103
7600 -0.0286908 0 0 0 0.509878 0.489115 0.51072  -nan 0 0.00286528 0.00335103
7610 -0.0167961 0 0 0 0.475592 0.514695 0.532173  -nan 0 0.00287847 0.00335103
7620 -0.0033886 0 0 0 0.481909 0.495905 0.525037  -nan 0 0.00287644 0.00335103
7630 -0.0110193 0 0 0 0.475735 0.498498 0.512997  -nan 0 0.00287593 0.00335103
7640 -0.0188615 0 0 0 0.498519 0.507865 0.511027  -nan 0 0.00288408 0.00335103
7650 -0.00681198 0 0 0 0.487414 0.501101 0.493213  -nan 0 0.00287623 0.00335103
7660 -0.00350644 0 0 0 0.491215 0.485606 0.473364  -nan 0 0.0028656 0.00335103
7670 0.0213648 0 0 0 0.493526 0.477545 0.488527  -nan 0 0.00288774 0.00335103
7680 0.029844 0 0 0 0.482706 0.495189 0.517804  -nan 0 0.00286208 0.00335103
7690 0.0323575 0 0 0 0.479037 0.508759 0.511922  -nan 0 0.00287181 0.00335103
7700 -0.0206598 0 0 0 0.499259 0.509531 0.518663  -nan 0 0.00285762 0.00335103
7710 0.0173125 0 0 0 0.483541 0.496992 0.521105  -nan 0 0.00288795 0.00335103
7720 0.0159198 0 0 0 0.470333 0.474474 0.509331  -nan 0 0.00289266 0.00335103
7730 0.0156261 0 0 0 0.49686 0.490706 0.52643  -nan 0 0.00288984 0.00335103
7740 0.0160586 0 0 0 0.496307 0.486446 0.494689  -nan 0 0.00288201 0.00335103
7750 0.00757533 0 0 0 0.487003 0.494481 0.48012  -nan 0 0.00287495 0.00335103
7760 0.0215354 0 0 0 0.483409 0.503366 0.497382  -nan 0 0.00287589 0.00335103
7770 0.0176621 0 0 0 0.510037 0.499613 0.523495  -nan 0 0.00288294 0.00335103
7780 0.00217816 0 0 0 0.476806 0.51693 0.490413  -nan 0 0.0028736 0.00335103
7790 0.0205842 0 0 0 0.529412 0.508837 0.528148  -nan 0 0.00287911 0.00335103
7800 0.00530551 0 0 0 0.51 0.497097 0.534039  -nan 0 0.00287897 0.00335103
7810 0.0194353 0 0 0 0.543779 0.515614 0.52536  -nan 0 0.00288114 0.00335103
7820 0.0489096 0 0 0 0.505997 0.512023 0.507987  -nan 0 0.00287525 0.00335103
7830 0.0484606 0 0 0 0.50855 0.512 0.50625  -nan 0 0.00287412 0.00335103
7840 0.0442077 0 0 0 0.501495 0.514329 0.499251  -nan 0 0.00287961 0.00335103
7850 0.0328148 0 0 0 0.504464 0.491499 0.494861  -nan 0 0.00287186 0.00335103
7860 0.0386704 0 0 0 0.482679 0.505462 0.49247  -nan 0 0.00287114 0.00335103
7870 0.0603436 0 0 0 0.492669 0.489408 0.476717  -nan 0 0.00287018 0.00335103
7880 0.0561186 0 0 0 0.498818 0.484035 0.521803  -nan 0 0.002854 0.00335103
7890 0.0461912 0 0 0 0.499283 0.498084 0.487317  -nan 0 0.00286212 0.00335103
7900 0.0575054 0 0 0 0.501136 0.502967 0.504884  -nan 0 0.00285198 0.00335103
7910 0.0673282 0 0 0 0.498859 0.525475 0.521168  -nan 0 0.00286619 0.00335103
7920 0.0517319 0 0 0 0.469088 0.500373 0.50989  -nan 0 0.00286132 0.00335103
7930 0.0514551 0 0 0 0.529499 0.505535 0.499612  -nan 0 0.00286441 0.00335103
7940 0.0326994 0 0 0 0.507914 0.472441 0.485821  -nan 0 0.00285866 0.00335103
7950 0.016056 0 0 0 0.526592 0.525019 0.499246  -nan 0 0.00286114 0.00335103
7960 -0.00531557 0 0 0 0.517477 0.499257 0.506726  -nan 0 0.00287246 0.00335103
7970 0.0373492 0 0 0 0.493604 0.511841 0.503671  -nan 0 0.0028728 0.00335103
7980 0.0451415 0 0 0 0.469298 0.510401 0.514775  -nan 0 0.00287761 0.00335103
7990 0.0454589 0 0 0 0.478523 0.444695 0.473958  -nan 0 0.00288084 0.00335103
8000 0.0369195 0 0 0 0.470849 0.483103 0.471333  -nan 0 0.00287204 0.00335103
8010 0.0420521 0 0 0 0.486384 0.474398 0.501481  -nan 0 0.00287439 0.00335103
8020 0.0157329 0 0 0 0.481707 0.505279 0.510279  -nan 0 0.0028814 0.00335103
8030 0.0130983 0 0 0 0.476366 0.485407 0.508185  -nan 0 0.00288581 0.00335103
8040 0.00209157 0 0 0 0.485012 0.453506 0.475126  -nan 0 0.00287099 0.00335103
8050 0.0169843 0 0 0 0.482919 0.520176 0.499629  -nan 0 0.00289361 0.00335103
8060 0.0331104 0 0 0 0.502587 0.510432 0.472031  -nan 0 0.00288878 0.00335103
8070 0.0393794 0 0 0 0.52392 0.485091 0.533484  -nan 0 0.0028876 0.00335103
8080 0.0479599 0 0 0 0.509948 0.517451 0.537358  -nan 0 0.00289518 0.00335103
8090 0.0302188 0 0 0 0.477204 0.480539 0.534125  -nan 0 0.0028705 0.00335103
8100 0.0365394 0 0 0 0.488195 0.507021 0.532234  -nan 0 0.0028757 0.00335103
8110 0.0511587 0 0 0 0.496142 0.490665 0.520879  -nan 0 0.00288076 0.00335103
8120 0.0495522 0 0 0 0.507657 0.495217 0.489888  -nan 0 0.00287318 0.00335103
8130 0.0653771 0 0 0 0.509391 0.475556 0.518575  -nan 0 0.00287558 0.00335103
8140 0.0734582 0 0 0 0.491888 0.510282 0.49737  -nan 0 0.00287429 0.00335103
8150 0.0847187 0 0 0 0.506589 0.491499 0.476866  -nan 0 0.00287802 0.00335103
8160 0.075015 0 0 0 0.483232 0.536254 0.48607  -nan 0 0.00288114 0.00335103
8170 0.0840325 0 0 0 0.48469 0.5 0.528561  -nan 0 0.00287463 0.00335103
8180 0.0703992 0 0 0 0.495146 0.487805 0.502595  -nan 0 0.00287135 0.00335103
8190 0.056669 0 0 0 0.479817 0.488321 0.496583  -nan 0 0.00287777 0.00335103
8200 0.0686816 0 0 0 0.478228 0.479121 0.469685  -nan 0 0.0028764 0.00335103
8210 0.0732138 0 0 0 0.473396 0.489106 0.490295  -nan 0 0.00287523 0.00335103
8220 0.0374086 0 0 0 0.501834 0.486343 0.477635  -nan 0 0.00289369 0.00335103
8230 0.0484447 0 0 0 0.491954 0.528582 0.486647  -nan 0 0.00289182 0.00335103
8240 0.0289736 0 0 0 0.51391 0.531183 0.492754  -nan 0 0.00289146 0.00335103
8250 0.0312436 0 0 0 0.497386 0.50479 0.496166  -nan 0 0.00289904 0.00335103
8260 0.0342457 0 0 0 0.500759 0.481013 0.499627  -nan 0 0.0028913 0.00335103
8270 0.0616136 0 0 0 0.499628 0.495849 0.503754  -nan 0 0.00289083 0.00335103
8280 0.0579966 0 0 0 0.506939 0.516484 0.506319  -nan 0 0.00289106 0.00335103
8290 0.0491436 0 0 0 0.501517 0.491215 0.49924  -nan 0 0.00289337 0.00335103
8300 0.0584708 0 0 0 0.477567 0.500735 0.504151  -nan 0 0.0028983 0.00335103
8310 0.0380558 0 0 0 0.470588 0.490211 0.463043  -nan 0 0.00289617 0.00335103
8320 0.0426858 0 0 0 0.495798 0.521866 0.505686  -nan 0 0.00290315 0.00335103
8330 0.0505524 0 0 0 0.471318 0.513089 0.513474  -nan 0 0.0028991 0.00335103
8340 0.0577135 0 0 0 0.484015 0.475705 0.496737  -nan 0 0.00289909 0.00335103
8350 0.0397362 0 0 0 0.490692 0.496183 0.466221  -nan 0 0.00288087 0.00335103
8360 0.0484048 0 0 0 0.474513 0.49588 0.47408  -nan 0 0.00289323 0.00335103
8370 0.0492574 0 0 0 0.488 0.50152 0.504966  -nan 0 0.00288136 0.00335103
8380 0.0441759 0 0 0 0.478417 0.499611 0.507937  -nan 0 0.00287926 0.00335103
8390 0.0600737 0 0 0 0.496241 0.49439 0.509377  -nan 0 0.00289155 0.00335103
8400 0.061732 0 0 0 0.46702 0.493556 0.486784  -nan 0 0.00288194 0.00335103
8410 0.0469286 0 0 0 0.515867 0.505857 0.497263  -nan 0 0.00289443 0.00335103
8420 0.039556 0 0 0 0.469572 0.51034 0.520913  -nan 0 0.00288675 0.00335103
8430 0.0400651 0 0 0 0.505695 0.505279 0.492999  -nan 0 0.00288618 0.00335103
8440 0.0667271 0 0 0 0.491929 0.510189 0.505095  -nan 0 0.00289571 0.00335103
8450 0.0488426 0 0 0 0.507105 0.491058 0.491294  -nan 0 0.00290063 0.00335103
8460 0.0354845 0 0 0 0.479245 0.525201 0.519142  -nan 0 0.00290299 0.00335103
8470 0.0374692 0 0 0 0.504041 0.50687 0.516178  -nan 0 0.00288526 0.00335103
8480 0.0366647 0 0 0 0.476841 0.506589 0.482916  -nan 0 0.0028888 0.00335103
8490 0.0722241 0 0 0 0.488459 0.495065 0.512687  -nan 0 0.00288287 0.00335103
8500 0.0647481 0 0 0 0.488141 0.47973 0.501837  -nan 0 0.00289672 0.00335103
8510 0.0218522 0 0 0 0.49269 0.503012 0.483129  -nan 0 0.0028969 0.00335103
8520 0.0136285 0 0 0 0.479389 0.484133 0.486891  -nan 0 0.00288937 0.00335103
8530 -0.0106691 0 0 0 0.473101 0.484627 0.480292  -nan 0 0.0028862 0.00335103
8540 -0.0167046 0 0 0 0.48549 0.471167 0.497314  -nan 0 0.00288948 0.00335103
8550 -0.00599233 0 0 0 0.481648 0.477736 0.483582  -nan 0 0.0028879 0.00335103
8560 -0.00916651 0 0 0 0.452946 0.465324 0.482988  -nan 0 0.00289297 0.00335103
8570 -0.0280952 0 0 0 0.457516 0.475038 0.458878  -nan 0 0.0028921 0.00335103
8580 -0.0398992 0 0 0 0.466917 0.525537 0.504928  -nan 0 0.00289779 0.00335103
8590 -0.0456032 0 0 0 0.475973 0.475735 0.481565  -nan 0 0.00289263 0.00335103
8600 -0.0373447 0 0 0 0.478293 0.46826 0.481509  -nan 0 0.00288171 0.00335103
8610 -0.0311113 0 0 0 0.464101 0.472031 0.471726  -nan 0 0.00288358 0.00335103
8620 -0.0112432 0 0 0 0.474349 0.488905 0.487328  -nan 0 0.00288832 0.00335103
8630 -0.0107157 0 0 0 0.502249 0.474281 0.482887  -nan 0 0.00288613 0.00335103
8640 0.0163706 0 0 0 0.440115 0.4883 0.463213  -nan 0 0.00287572 0.00335103
8650 0.0229614 0 0 0 0.492027 0.456934 0.49505  -nan 0 0.00287748 0.00335103
8660 0.014198 0 0 0 0.49737 0.480122 0.494489  -nan 0 0.00288584 0.00335103
8670 0.0391091 0 0 0 0.498523 0.503341 0.481139  -nan 0 0.00287266 0.00335103
8680 0.049172 0 0 0 0.50112 0.506024 0.483871  -nan 0 0.00288414 0.00335103
8690 0.0440322 0 0 0 0.488423 0.485429 0.513699  -nan 0 0.00286958 0.00335103
8700 0.0332759 0 0 0 0.469108 0.509363 0.477105  -nan 0 0.00286839 0.00335103
8710 0.0352484 0 0 0 0.482476 0.489857 0.476657  -nan 0 0.00287919 0.00335103
8720 0.0220441 0 0 0 0.475948 0.500388 0.466766  -nan 0 0.00287413 0.00335103
8730 0.043602 0 0 0 0.485714 0.474836 0.474513  -nan 0 0.00288416 0.00335103
8740 0.0626442 0 0 0 0.481455 0.499619 0.483232  -nan 0 0.00288043 0.00335103
8750 0.0541703 0 0 0 0.459752 0.487102 0.48777  -nan 0 0.00287559 0.00335103
8760 0.0690739 0 0 0 0.493223 0.475446 0.500753  -nan 0 0.00288513 0.00335103
8770 0.0560534 0 0 0 0.475037 0.469592 0.48469  -nan 0 0.00287158 0.00335103
8780 0.0388954 0 0 0 0.489765 0.474046 0.49453  -nan 0 0.00287356 0.00335103
8790 0.0534027 0 0 0 0.471362 0.466618 0.472862  -nan 0 0.00288883 0.00335103
8800 0.0398634 0 0 0 0.495595 0.472782 0.497301  -nan 0 0.00288374 0.00335103
8810 0.030666 0 0 0 0.482264 0.508321 0.498152  -nan 0 0.00289528 0.00335103
8820 0.0193933 0 0 0 0.470588 0.45188 0.505511  -nan 0 0.00287489 0.00335103
8830 0.032872 0 0 0 0.511346 0.467779 0.491538  -nan 0 0.00288826 0.00335103
8840 0.0249176 0 0 0 0.498863 0.504943 0.492679  -nan 0 0.00288477 0.00335103
8850 0.0176986 0 0 0 0.477727 0.505576 0.498891  -nan 0 0.00288497 0.00335103
8860 0.0182224 0 0 0 0.484716 0.462866 0.511988  -nan 0 0.00289009 0.00335103
8870 0.0188155 0 0 0 0.49427 0.491078 0.512403  -nan 0 0.00288908 0.00335103
8880 0.00996405 0 0 0 0.486792 0.4637 0.530129  -nan 0 0.00287015 0.00335103
8890 0.0158655 0 0 0 0.5231 0.494245 0.508675  -nan 0 0.0028812 0.00335103
8900 0.0334243 0 0 0 0.527166 0.499242 0.506829  -nan 0 0.00288212 0.00335103
8910 0.00710013 0 0 0 0.508814 0.523022 0.524963  -nan 0 0.00287238 0.00335103
8920 -0.00745947 0 0 0 0.513216 0.504202 0.492852  -nan 0 0.00288175 0.00335103
8930 -0.0351178 0 0 0 0.510007 0.509448 0.511295  -nan 0 0.00288524 0.00335103
8940 -0.027443 0 0 0 0.522459 0.521866 0.558499  -nan 0 0.00288098 0.00335103
8950 0.0106353 0 0 0 0.507592 0.51452 0.481947  -nan 0 0.00289202 0.00335103
8960 -0.0087715 0 0 0 0.5 0.525412 0.5043  -nan 0 0.00289108 0.00335103
8970 -0.0107632 0 0 0 0.502199 0.492481 0.519908  -nan 0 0.00287692 0.00335103
8980 -0.00193931 0 0 0 0.491488 0.506231 0.47326  -nan 0 0.00288206 0.00335103
8990 0.00957398 0 0 0 0.487956 0.486611 0.500711  -nan 0 0.00288888 0.00335103
9000 0.0245218 0 0 0 0.489489 0.530303 0.507072  -nan 0 0.00287678 0.00335103
9010 0.0224874 0 0 0 0.488284 0.516566 0.504077  -nan 0 0.00288766 0.00335103
9020 0.0121555 0 0 0 0.500759 0.480254 0.470728  -nan 0 0.00288392 0.00335103
9030 0.00487622 0 0 0 0.507431 0.491297 0.504157  -nan 0 0.00289043 0.00335103
9040 0.0110288 0 0 0 0.496894 0.495633 0.503737  -nan 0 0.00288483 0.00335103
9050 0.0231616 0 0 0 0.488426 0.490964 0.50436  -nan 0 0.00289005 0.00335103
9060 0.0387665 0 0 0 0.487787 0.512782 0.465504  -nan 0 0.00289533 0.00335103
9070 0.0278109 0 0 0 0.493431 0.484505 0.461362  -nan 0 0.00289115 0.00335103
9080 0.0272739 0 0 0 0.474171 0.496285 0.479735  -nan 0 0.00288966 0.00335103
9090 0.0168961 0 0 0 0.461883 0.497699 0.472018  -nan 0 0.00288181 0.00335103
9100 0.0349054 0 0 0 0.502193 0.498883 0.484096  -nan 0 0.00289473 0.00335103
9110 0.0325767 0 0 0 0.488459 0.481371 0.487452  -nan 0 0.00290722 0.00335103
9120 0.0273121 0 0 0 0.490634 0.508894 0.473086  -nan 0 0.00290028 0.00335103
9130 0.0219001 0 0 0 0.500734 0.465134 0.469767  -nan 0 0.00289509 0.00335103
9140 0.0300131 0 0 0 0.516758 0.496392 0.507137  -nan 0 0.00289801 0.00335103
9150 0.0331373 0 0 0 0.486842 0.492111 0.498078  -nan 0 0.00290592 0.00335103
9160 0.0413196 0 0 0 0.510266 0.490525 0.495811  -nan 0 0.00289621 0.00335103
9170 0.0148326 0 0 0 0.493791 0.5 0.50348  -nan 0 0.00290744 0.00335103
9180 0.0290102 0 0 0 0.48307 0.500753 0.481757  -nan 0 0.00290959 0.00335103
9190 0.00894896 0 0 0 0.510894 0.487952 0.51305  -nan 0 0.00291582 0.00335103
9200 0.0140444 0 0 0 0.501538 0.514307 0.498878  -nan 0 0.00291447 0.00335103
9210 0.0155133 0 0 0 0.492969 0.496727 0.482528  -nan 0 0.00290497 0.00335103
9220 0.0278038 0 0 0 0.476599 0.50074 0.494876  -nan 0 0.00290715 0.00335103
9230 0.0346362 0 0 0 0.502473 0.498871 0.497611  -nan 0 0.0029021 0.00335103
9240 0.0261037 0 0 0 0.504234 0.495153 0.489706  -nan 0 0.00291357 0.00335103
9250 0.0177467 0 0 0 0.504525 0.479814 0.479076  -nan 0 0.00291166 0.00335103
9260 0.0363245 0 0 0 0.50303 0.466717 0.479523  -nan 0 0.00290419 0.00335103
9270 0.054401 0 0 0 0.474702 0.465672 0.465046  -nan 0 0.00291678 0.00335103
9280 0.0589062 0 0 0 0.475851 0.490679 0.501433  -nan 0 0.00291674 0.00335103
9290 0.0761051 0 0 0 0.506098 0.502994 0.481509  -nan 0 0.00292153 0.00335103
9300 0.0827647 0 0 0 0.500758 0.497355 0.478261  -nan 0 0.00290818 0.00335103
9310 0.046523 0 0 0 0.513991 0.500379 0.50189  -nan 0 0.00291502 0.00335103
9320 0.0484185 0 0 0 0.482517 0.502196 0.495917  -nan 0 0.00292427 0.00335103
9330 0.0662713 0 0 0 0.451111 0.495516 0.490091  -nan 0 0.00290703 0.00335103
9340 0.063672 0 0 0 0.485171 0.469572 0.485229  -nan 0 0.00291213 0.00335103
9350 0.0725438 0 0 0 0.495886 0.484536 0.468199  -nan 0 0.00291384 0.00335103
9360 0.0465522 0 0 0 0.469673 0.478261 0.495947  -nan 0 0.00291131 0.00335103
9370 0.0528513 0 0 0 0.477424 0.452788 0.48773  -nan 0 0.00290382 0.00335103
9380 0.0742026 0 0 0 0.487463 0.511628 0.470633  -nan 0 0.00290919 0.00335103
9390 0.0619907 0 0 0 0.479969 0.51796 0.48839  -nan 0 0.00291176 0.00335103
9400 0.0670106 0 0 0 0.49521 0.493333 0.487239  -nan 0 0.00290784 0.00335103
9410 0.0685402 0 0 0 0.477745 0.504921 0.513148  -nan 0 0.00289917 0.00335103
9420 0.0720569 0 0 0 0.486447 0.460575 0.485133  -nan 0 0.00290071 0.00335103
9430 0.0783019 0 0 0 0.48716 0.482397 0.487696  -nan 0 0.00289325 0.00335103
9440 0.0674612 0 0 0 0.46391 0.465221 0.474119  -nan 0 0.00289855 0.00335103
9450 0.0466772 0 0 0 0.472097 0.492764 0.468266  -nan 0 0.00290468 0.00335103
9460 0.0466249 0 0 0 0.46851 0.466463 0.483405  -nan 0 0.00290825 0.00335103
9470 0.0355446 0 0 0 0.471514 0.49771 0.4941  -nan 0 0.0028972 0.00335103
9480 0.040086 0 0 0 0.499238 0.484754 0.48758  -nan 0 0.00290563 0.00335103
9490 0.0466413 0 0 0 0.520548 0.508234 0.516296  -nan 0 0.0029038 0.00335103
9500 0.0282225 0 0 0 0.494399 0.509489 0.500387  -nan 0 0.00290228 0.00335103
9510 0.0149068 0 0 0 0.505961 0.483449 0.478293  -nan 0 0.00290042 0.00335103
9520 0.0289843 0 0 0 0.510993 0.498174 0.484756  -nan 0 0.002906 0.00335103
9530 0.0625658 0 0 0 0.506227 0.493874 0.496614  -nan 0 0.00288382 0.00335103
9540 0.0754433 0 0 0 0.501524 0.509274 0.503587  -nan 0 0.0028915 0.00335103
9550 0.0550043 0 0 0 0.493893 0.501451 0.489329  -nan 0 0.00289774 0.00335103
9560 0.0669333 0 0 0 0.480576 0.471462 0.496619  -nan 0 0.00289235 0.00335103
9570 0.0570595 0 0 0 0.511541 0.510539 0.489099  -nan 0 0.00289593 0.00335103
9580 0.0455265 0 0 0 0.474436 0.47652 0.499635  -nan 0 0.00290323 0.00335103
9590 0.0512735 0 0 0 0.4858 0.482318 0.462116  -nan 0 0.0028976 0.00335103
9600 0.0704993 0 0 0 0.481811 0.474203 0.489888  -nan 0 0.00290716 0.00335103
9610 0.0486295 0 0 0 0.467025 0.459618 0.491754  -nan 0 0.00290564 0.00335103
9620 0.04793 0 0 0 0.462778 0.486252 0.502662  -nan 0 0.00290572 0.00335103
9630 0.0484166 0 0 0 0.49072 0.492366 0.460164  -nan 0 0.00290813 0.00335103
9640 0.0517844 0 0 0 0.479798 0.49084 0.478528  -nan 0 0.00290514 0.00335103
9650 0.0593304 0 0 0 0.487218 0.471025 0.496979  -nan 0 0.0029046 0.00335103
9660 0.0420894 0 0 0 0.486943 0.507342 0.46482  -nan 0 0.0029036 0.00335103
9670 0.0511228 0 0 0 0.485802 0.513971 0.499626  -nan 0 0.00291288 0.00335103
9680 0.0478481 0 0 0 0.476119 0.52 0.460674  -nan 0 0.00291115 0.00335103
9690 0.0249705 0 0 0 0.49845 0.49848 0.489957  -nan 0 0.00291412 0.00335103
9700 0.0334141 0 0 0 0.476155 0.473883 0.495138  -nan 0 0.002903 0.00335103
9710 0.0267208 0 0 0 0.458459 0.494822 0.48716  -nan 0 0.00292058 0.00335103
9720 0.0197897 0 0 0 0.490037 0.530337 0.491603  -nan 0 0.00291769 0.00335103
9730 0.0417017 0 0 0 0.5 0.533128 0.493304  -nan 0 0.00291971 0.00335103
9740 0.0510123 0 0 0 0.48382 0.496746 0.497037  -nan 0 0.00293343 0.00335103
9750 0.0506944 0 0 0 0.499616 0.489687 0.490634  -nan 0 0.00292582 0.00335103
9760 0.0367213 0 0 0 0.482967 0.495601 0.498859  -nan 0 0.00292393 0.00335103
9770 0.00985186 0 0 0 0.47741 0.484481 0.507772  -nan 0 0.00292334 0.00335103
9780 0.0106712 0 0 0 0.475212 0.490056 0.465815  -nan 0 0.00291161 0.00335103
9790 0.0130186 0 0 0 0.468278 0.481641 0.467754  -nan 0 0.00290899 0.00335103
9800 0.00726368 0 0 0 0.502262 0.478002 0.486122  -nan 0 0.00292548 0.00335103
9810 -0.0402144 0 0 0 0.49963 0.487199 0.485974  -nan 0 0.00292301 0.00335103
9820 -0.00899414 0 0 0 0.479442 0.495034 0.476298  -nan 0 0.00291412 0.00335103
9830 -0.00185654 0 0 0 0.485995 0.527086 0.488195  -nan 0 0.00290714 0.00335103
9840 -0.00305101 0 0 0 0.465099 0.473525 0.476471  -nan 0 0.00291553 0.00335103
9850 0.0214536 0 0 0 0.49058 0.468703 0.471049  -nan 0 0.00291416 0.00335103
9860 0.0164626 0 0 0 0.508908 0.538695 0.496046  -nan 0 0.00291794 0.00335103
9870 0.012645 0 0 0 0.508197 0.507997 0.49145  -nan 0 0.00289627 0.00335103
9880 0.0108069 0 0 0 0.516459 0.516517 0.491929  -nan 0 0.00289766 0.00335103
9890 0.0296679 0 0 0 0.49845 0.484713 0.496713  -nan 0 0.00291458 0.00335103
9900 0.0071813 0 0 0 0.504921 0.487566 0.52071  -nan 0 0.00290157 0.00335103
9910 -0.00171398 0 0 0 0.496235 0.5 0.49628  -nan 0 0.00290905 0.00335103
9920 0.00548967 0 0 0 0.48012 0.494815 0.492787  -nan 0 0.00288584 0.00335103
9930 0.0176293 0 0 0 0.493856 0.49888 0.46652  -nan 0 0.00290028 0.00335103
9940 0.0300579 0 0 0 0.50038 0.484736 0.463433  -nan 0 0.00290923 0.00335103
9950 0.0281104 0 0 0 0.498903 0.492413 0.465399  -nan 0 0.0029055 0.00335103
9960 0.0231511 0 0 0 0.489394 0.453064 0.495327  -nan 0 0.00290195 0.00335103
9970 0.0372372 0 0 0 0.494083 0.494837 0.490281  -nan 0 0.00291907 0.00335103
9980 0.0366726 0 0 0 0.469298 0.500734 0.507874  -nan 0 0.00290803 0.00335103
9990 0.0118676 0 0 0 0.483945 0.510294 0.498498  -nan 0 0.00289777 0.00335103
10000 0.032239 0 0 0 0.494776 0.508995 0.5  -nan 0 0.00290339 0.00335103
# Equilibration ended maxDisplace maxRot maxARot dVmax: 0.338947 0.204059 4.35237 100
# StepsMC: S2 Lfrac AllCont ClustCont tAcc rAcc arAcc vAcc Perc pre
