#NumberR 400
#L/D 10
#DensityR 0.0033510321638291
#Boxx 100
#Boxy 100
#Boxz 100
-24.801563801244 -49.5 -49.5 10 0 0 0 0
-23.778845366091 -39.5 -49.5 10 0 0 0 0
-24.849598510191 -29.5 -49.5 10 0 0 0 0
-23.117630753666 -19.5 -49.5 10 0 0 0 0
-19.036122605205 -9.5 -49.5 10 0 0 0 0
-6.3962213397026 0.5 -49.5 10 0 0 0 0
-17.126396670938 10.5 -49.5 10 0 0 0 0
-15.920807287097 20.5 -49.5 10 0 0 0 0
-20.856295503676 30.5 -49.5 10 0 0 0 0
-7.4728220403194 40.5 -49.5 10 0 0 0 0
-6.8982250988483 -49.5 -44.5 10 0 0 0 0
-7.2659517526627 -39.5 -44.5 10 0 0 0 0
-7.5992188155651 -29.5 -44.5 10 0 0 0 0
-18.747809454799 -19.5 -44.5 10 0 0 0 0
-8.4519228339195 -9.5 -44.5 10 0 0 0 0
-20.911095179617 0.5 -44.5 10 0 0 0 0
-14.32188424468 10.5 -44.5 10 0 0 0 0
-12.552430510521 20.5 -44.5 10 0 0 0 0
-23.87569838576 30.5 -44.5 10 0 0 0 0
-17.690617844462 40.5 -44.5 10 0 0 0 0
-11.463821023703 -49.5 -39.5 10 0 0 0 0
-14.295729219913 -39.5 -39.5 10 0 0 0 0
-6.381683409214 -29.5 -39.5 10 0 0 0 0
-6.4837360084057 -19.5 -39.5 10 0 0 0 0
-23.460281569511 -9.5 -39.5 10 0 0 0 0
-20.492786511779 0.5 -39.5 10 0 0 0 0
-10.246836543083 10.5 -39.5 10 0 0 0 0
-13.202619343996 20.5 -39.5 10 0 0 0 0
-17.594230249524 30.5 -39.5 10 0 0 0 0
-19.422227397561 40.5 -39.5 10 0 0 0 0
-24.267589932308 -49.5 -34.5 10 0 0 0 0
-15.016178518534 -39.5 -34.5 10 0 0 0 0
-7.3959225714207 -29.5 -34.5 10 0 0 0 0
-14.455582529306 -19.5 -34.5 10 0 0 0 0
-17.044195413589 -9.5 -34.5 10 0 0 0 0
-10.607181489468 0.5 -34.5 10 0 0 0 0
-11.241184264421 10.5 -34.5 10 0 0 0 0
-6.4800062179565 20.5 -34.5 10 0 0 0 0
-18.405725836754 30.5 -34.5 10 0 0 0 0
-24.394363943487 40.5 -34.5 10 0 0 0 0
-10.22592228651 -49.5 -29.5 10 0 0 0 0
-21.559762574732 -39.5 -29.5 10 0 0 0 0
-17.567844510078 -29.5 -29.5 10 0 0 0 0
-9.2014538049698 -19.5 -29.5 10 0 0 0 0
-7.2513998746872 -9.5 -29.5 10 0 0 0 0
-21.445070065558 0.5 -29.5 10 0 0 0 0
-21.511020466685 10.5 -29.5 10 0 0 0 0
-18.831447303295 20.5 -29.5 10 0 0 0 0
-9.5669081807137 30.5 -29.5 10 0 0 0 0
-16.247381880879 40.5 -29.5 10 0 0 0 0
-9.0578353703022 -49.5 -24.5 10 0 0 0 0
-12.778557628393 -39.5 -24.5 10 0 0 0 0
-10.410864800215 -29.5 -24.5 10 0 0 0 0
-22.054077491164 -19.5 -24.5 10 0 0 0 0
-16.061643198133 -9.5 -24.5 10 0 0 0 0
-14.143022835255 0.5 -24.5 10 0 0 0 0
-9.7181582152843 10.5 -24.5 10 0 0 0 0
-14.668778002262 20.5 -24.5 10 0 0 0 0
-9.9201445579529 30.5 -24.5 10 0 0 0 0
-17.660216391087 40.5 -24.5 10 0 0 0 0
-10.12472397089 -49.5 -19.5 10 0 0 0 0
-16.817953810096 -39.5 -19.5 10 0 0 0 0
-14.114903539419 -29.5 -19.5 10 0 0 0 0
-17.424238279462 -19.5 -19.5 10 0 0 0 0
-22.639746122062 -9.5 -19.5 10 0 0 0 0
-18.358135268092 0.5 -19.5 10 0 0 0 0
-19.213539287448 10.5 -19.5 10 0 0 0 0
-10.804438471794 20.5 -19.5 10 0 0 0 0
-7.5142530500889 30.5 -19.5 10 0 0 0 0
-15.768801763654 40.5 -19.5 10 0 0 0 0
-14.609858006239 -49.5 -14.5 10 0 0 0 0
-10.048731088638 -39.5 -14.5 10 0 0 0 0
-7.8163788616657 -29.5 -14.5 10 0 0 0 0
-23.718588009477 -19.5 -14.5 10 0 0 0 0
-12.207281351089 -9.5 -14.5 10 0 0 0 0
-20.872152924538 0.5 -14.5 10 0 0 0 0
-23.956510923803 10.5 -14.5 10 0 0 0 0
-6.8137428462505 20.5 -14.5 10 0 0 0 0
-12.133918732405 30.5 -14.5 10 0 0 0 0
-8.1979716420174 40.5 -14.5 10 0 0 0 0
-18.913370192051 -49.5 -9.5 10 0 0 0 0
-14.472925066948 -39.5 -9.5 10 0 0 0 0
-15.333693057299 -29.5 -9.5 10 0 0 0 0
-8.9139182269573 -19.5 -9.5 10 0 0 0 0
-7.8653194308281 -9.5 -9.5 10 0 0 0 0
-17.104089409113 0.5 -9.5 10 0 0 0 0
-13.105133384466 10.5 -9.5 10 0 0 0 0
-16.3011854738 20.5 -9.5 10 0 0 0 0
-23.470588326454 30.5 -9.5 10 0 0 0 0
-21.126548692584 40.5 -9.5 10 0 0 0 0
-21.110822610557 -49.5 -4.5 10 0 0 0 0
-24.904023274779 -39.5 -4.5 10 0 0 0 0
-19.090012207627 -29.5 -4.5 10 0 0 0 0
-20.117819368839 -19.5 -4.5 10 0 0 0 0
-24.159905381501 -9.5 -4.5 10 0 0 0 0
-24.550700779073 0.5 -4.5 10 0 0 0 0
-24.471644389443 10.5 -4.5 10 0 0 0 0
-21.734235756099 20.5 -4.5 10 0 0 0 0
-23.04493688792 30.5 -4.5 10 0 0 0 0
-11.291835725307 40.5 -4.5 10 0 0 0 0
-12.337739169598 -49.5 0.5 10 0 0 0 0
-23.571711674333 -39.5 0.5 10 0 0 0 0
-23.957547977567 -29.5 0.5 10 0 0 0 0
-17.630040422082 -19.5 0.5 10 0 0 0 0
-20.924612909555 -9.5 0.5 10 0 0 0 0
-24.907218375243 0.5 0.5 10 0 0 0 0
-19.687317401171 10.5 0.5 10 0 0 0 0
-15.408322572708 20.5 0.5 10 0 0 0 0
-9.2249123156071 30.5 0.5 10 0 0 0 0
-21.295994386077 40.5 0.5 10 0 0 0 0
-15.37472191453 -49.5 5.5 10 0 0 0 0
-20.136784464121 -39.5 5.5 10 0 0 0 0
-16.126325830817 -29.5 5.5 10 0 0 0 0
-8.411635518074 -19.5 5.5 10 0 0 0 0
-22.367794826627 -9.5 5.5 10 0 0 0 0
-13.021225303411 0.5 5.5 10 0 0 0 0
-17.25017131865 10.5 5.5 10 0 0 0 0
-14.25806286931 20.5 5.5 10 0 0 0 0
-5.6305566132069 30.5 5.5 10 0 0 0 0
-16.634625717998 40.5 5.5 10 0 0 0 0
-22.02285720408 -49.5 10.5 10 0 0 0 0
-19.252042487264 -39.5 10.5 10 0 0 0 0
-8.3033576905727 -29.5 10.5 10 0 0 0 0
-20.220902919769 -19.5 10.5 10 0 0 0 0
-5.7038587927818 -9.5 10.5 10 0 0 0 0
-21.255023933947 0.5 10.5 10 0 0 0 0
-14.82509213686 10.5 10.5 10 0 0 0 0
-13.403959453106 20.5 10.5 10 0 0 0 0
-6.2636504769325 30.5 10.5 10 0 0 0 0
-16.888564124703 40.5 10.5 10 0 0 0 0
-12.352529317141 -49.5 15.5 10 0 0 0 0
-10.306774705648 -39.5 15.5 10 0 0 0 0
-14.34591576457 -29.5 15.5 10 0 0 0 0
-12.208726078272 -19.5 15.5 10 0 0 0 0
-20.791834287345 -9.5 15.5 10 0 0 0 0
-19.778173074126 0.5 15.5 10 0 0 0 0
-19.260798603296 10.5 15.5 10 0 0 0 0
-11.075156867504 20.5 15.5 10 0 0 0 0
-19.423935383558 30.5 15.5 10 0 0 0 0
-21.609390348196 40.5 15.5 10 0 0 0 0
-15.945461794734 -49.5 20.5 10 0 0 0 0
-18.207737773657 -39.5 20.5 10 0 0 0 0
-11.692485421896 -29.5 20.5 10 0 0 0 0
-11.047761678696 -19.5 20.5 10 0 0 0 0
-17.790313318372 -9.5 20.5 10 0 0 0 0
-17.424861267209 0.5 20.5 10 0 0 0 0
-19.692539572716 10.5 20.5 10 0 0 0 0
-17.550330534577 20.5 20.5 10 0 0 0 0
-23.649548675865 30.5 20.5 10 0 0 0 0
-21.312010459602 40.5 20.5 10 0 0 0 0
-21.021395102143 -49.5 25.5 10 0 0 0 0
-24.208853868768 -39.5 25.5 10 0 0 0 0
-8.2095713019371 -29.5 25.5 10 0 0 0 0
-21.72097402066 -19.5 25.5 10 0 0 0 0
-12.751702904701 -9.5 25.5 10 0 0 0 0
-20.582321241498 0.5 25.5 10 0 0 0 0
-6.0845287144184 10.5 25.5 10 0 0 0 0
-11.643765687943 20.5 25.5 10 0 0 0 0
-8.6936269700527 30.5 25.5 10 0 0 0 0
-19.300401329994 40.5 25.5 10 0 0 0 0
-11.10741508007 -49.5 30.5 10 0 0 0 0
-20.168023929 -39.5 30.5 10 0 0 0 0
-7.4663643538952 -29.5 30.5 10 0 0 0 0
-15.572809353471 -19.5 30.5 10 0 0 0 0
-23.54617934674 -9.5 30.5 10 0 0 0 0
-22.606506209821 0.5 30.5 10 0 0 0 0
-17.358764708042 10.5 30.5 10 0 0 0 0
-23.434631705284 20.5 30.5 10 0 0 0 0
-22.726631991565 30.5 30.5 10 0 0 0 0
-8.7827223539352 40.5 30.5 10 0 0 0 0
-16.285747349262 -49.5 35.5 10 0 0 0 0
-13.457621246576 -39.5 35.5 10 0 0 0 0
-24.591122702695 -29.5 35.5 10 0 0 0 0
-16.525302991271 -19.5 35.5 10 0 0 0 0
-12.028182834387 -9.5 35.5 10 0 0 0 0
-7.4833430945873 0.5 35.5 10 0 0 0 0
-6.2621336877346 10.5 35.5 10 0 0 0 0
-21.373270146549 20.5 35.5 10 0 0 0 0
-24.839392382186 30.5 35.5 10 0 0 0 0
-9.0779801905155 40.5 35.5 10 0 0 0 0
-24.07647979632 -49.5 40.5 10 0 0 0 0
-11.474086374044 -39.5 40.5 10 0 0 0 0
-17.693417221308 -29.5 40.5 10 0 0 0 0
-14.515526503325 -19.5 40.5 10 0 0 0 0
-6.733444839716 -9.5 40.5 10 0 0 0 0
-7.2002009749413 0.5 40.5 10 0 0 0 0
-22.870500899851 10.5 40.5 10 0 0 0 0
-11.375857710838 20.5 40.5 10 0 0 0 0
-8.026953369379 30.5 40.5 10 0 0 0 0
-16.937033385038 40.5 40.5 10 0 0 0 0
-6.7856247127056 -49.5 45.5 10 0 0 0 0
-10.381361216307 -39.5 45.5 10 0 0 0 0
-20.413760051131 -29.5 45.5 10 0 0 0 0
-18.852016359568 -19.5 45.5 10 0 0 0 0
-19.387791633606 -9.5 45.5 10 0 0 0 0
-11.704957962036 0.5 45.5 10 0 0 0 0
-6.5103106200695 10.5 45.5 10 0 0 0 0
-12.873906135559 20.5 45.5 10 0 0 0 0
-12.403154045343 30.5 45.5 10 0 0 0 0
-11.591406822205 40.5 45.5 10 0 0 0 0
25.198436198756 -49.5 -49.5 10 0 0 0 0
26.221154633909 -39.5 -49.5 10 0 0 0 0
25.150401489809 -29.5 -49.5 10 0 0 0 0
26.882369246334 -19.5 -49.5 10 0 0 0 0
30.963877394795 -9.5 -49.5 10 0 0 0 0
43.603778660297 0.5 -49.5 10 0 0 0 0
32.873603329062 10.5 -49.5 10 0 0 0 0
34.079192712903 20.5 -49.5 10 0 0 0 0
29.143704496324 30.5 -49.5 10 0 0 0 0
42.527177959681 40.5 -49.5 10 0 0 0 0
43.101774901152 -49.5 -44.5 10 0 0 0 0
42.734048247337 -39.5 -44.5 10 0 0 0 0
42.400781184435 -29.5 -44.5 10 0 0 0 0
31.252190545201 -19.5 -44.5 10 0 0 0 0
41.54807716608 -9.5 -44.5 10 0 0 0 0
29.088904820383 0.5 -44.5 10 0 0 0 0
35.67811575532 10.5 -44.5 10 0 0 0 0
37.447569489479 20.5 -44.5 10 0 0 0 0
26.12430161424 30.5 -44.5 10 0 0 0 0
32.309382155538 40.5 -44.5 10 0 0 0 0
38.536178976297 -49.5 -39.5 10 0 0 0 0
35.704270780087 -39.5 -39.5 10 0 0 0 0
43.618316590786 -29.5 -39.5 10 0 0 0 0
43.516263991594 -19.5 -39.5 10 0 0 0 0
26.539718430489 -9.5 -39.5 10 0 0 0 0
29.507213488221 0.5 -39.5 10 0 0 0 0
39.753163456917 10.5 -39.5 10 0 0 0 0
36.797380656004 20.5 -39.5 10 0 0 0 0
32.405769750476 30.5 -39.5 10 0 0 0 0
30.577772602439 40.5 -39.5 10 0 0 0 0
25.732410067692 -49.5 -34.5 10 0 0 0 0
34.983821481466 -39.5 -34.5 10 0 0 0 0
42.604077428579 -29.5 -34.5 10 0 0 0 0
35.544417470694 -19.5 -34.5 10 0 0 0 0
32.955804586411 -9.5 -34.5 10 0 0 0 0
39.392818510532 0.5 -34.5 10 0 0 0 0
38.758815735579 10.5 -34.5 10 0 0 0 0
43.519993782043 20.5 -34.5 10 0 0 0 0
31.594274163246 30.5 -34.5 10 0 0 0 0
25.605636056513 40.5 -34.5 10 0 0 0 0
39.77407771349 -49.5 -29.5 10 0 0 0 0
28.440237425268 -39.5 -29.5 10 0 0 0 0
32.432155489922 -29.5 -29.5 10 0 0 0 0
40.79854619503 -19.5 -29.5 10 0 0 0 0
42.748600125313 -9.5 -29.5 10 0 0 0 0
28.554929934442 0.5 -29.5 10 0 0 0 0
28.488979533315 10.5 -29.5 10 0 0 0 0
31.168552696705 20.5 -29.5 10 0 0 0 0
40.433091819286 30.5 -29.5 10 0 0 0 0
33.752618119121 40.5 -29.5 10 0 0 0 0
40.942164629698 -49.5 -24.5 10 0 0 0 0
37.221442371607 -39.5 -24.5 10 0 0 0 0
39.589135199785 -29.5 -24.5 10 0 0 0 0
27.945922508836 -19.5 -24.5 10 0 0 0 0
33.938356801867 -9.5 -24.5 10 0 0 0 0
35.856977164745 0.5 -24.5 10 0 0 0 0
40.281841784716 10.5 -24.5 10 0 0 0 0
35.331221997738 20.5 -24.5 10 0 0 0 0
40.079855442047 30.5 -24.5 10 0 0 0 0
32.339783608913 40.5 -24.5 10 0 0 0 0
39.87527602911 -49.5 -19.5 10 0 0 0 0
33.182046189904 -39.5 -19.5 10 0 0 0 0
35.885096460581 -29.5 -19.5 10 0 0 0 0
32.575761720538 -19.5 -19.5 10 0 0 0 0
27.360253877938 -9.5 -19.5 10 0 0 0 0
31.641864731908 0.5 -19.5 10 0 0 0 0
30.786460712552 10.5 -19.5 10 0 0 0 0
39.195561528206 20.5 -19.5 10 0 0 0 0
42.485746949911 30.5 -19.5 10 0 0 0 0
34.231198236346 40.5 -19.5 10 0 0 0 0
35.390141993761 -49.5 -14.5 10 0 0 0 0
39.951268911362 -39.5 -14.5 10 0 0 0 0
42.183621138334 -29.5 -14.5 10 0 0 0 0
26.281411990523 -19.5 -14.5 10 0 0 0 0
37.792718648911 -9.5 -14.5 10 0 0 0 0
29.127847075462 0.5 -14.5 10 0 0 0 0
26.043489076197 10.5 -14.5 10 0 0 0 0
43.186257153749 20.5 -14.5 10 0 0 0 0
37.866081267595 30.5 -14.5 10 0 0 0 0
41.802028357983 40.5 -14.5 10 0 0 0 0
31.086629807949 -49.5 -9.5 10 0 0 0 0
35.527074933052 -39.5 -9.5 10 0 0 0 0
34.666306942701 -29.5 -9.5 10 0 0 0 0
41.086081773043 -19.5 -9.5 10 0 0 0 0
42.134680569172 -9.5 -9.5 10 0 0 0 0
32.895910590887 0.5 -9.5 10 0 0 0 0
36.894866615534 10.5 -9.5 10 0 0 0 0
33.6988145262 20.5 -9.5 10 0 0 0 0
26.529411673546 30.5 -9.5 10 0 0 0 0
28.873451307416 40.5 -9.5 10 0 0 0 0
28.889177389443 -49.5 -4.5 10 0 0 0 0
25.095976725221 -39.5 -4.5 10 0 0 0 0
30.909987792373 -29.5 -4.5 10 0 0 0 0
29.882180631161 -19.5 -4.5 10 0 0 0 0
25.840094618499 -9.5 -4.5 10 0 0 0 0
25.449299220927 0.5 -4.5 10 0 0 0 0
25.528355610557 10.5 -4.5 10 0 0 0 0
28.265764243901 20.5 -4.5 10 0 0 0 0
26.95506311208 30.5 -4.5 10 0 0 0 0
38.708164274693 40.5 -4.5 10 0 0 0 0
37.662260830402 -49.5 0.5 10 0 0 0 0
26.428288325667 -39.5 0.5 10 0 0 0 0
26.042452022433 -29.5 0.5 10 0 0 0 0
32.369959577918 -19.5 0.5 10 0 0 0 0
29.075387090445 -9.5 0.5 10 0 0 0 0
25.092781624757 0.5 0.5 10 0 0 0 0
30.312682598829 10.5 0.5 10 0 0 0 0
34.591677427292 20.5 0.5 10 0 0 0 0
40.775087684393 30.5 0.5 10 0 0 0 0
28.704005613923 40.5 0.5 10 0 0 0 0
34.62527808547 -49.5 5.5 10 0 0 0 0
29.863215535879 -39.5 5.5 10 0 0 0 0
33.873674169183 -29.5 5.5 10 0 0 0 0
41.588364481926 -19.5 5.5 10 0 0 0 0
27.632205173373 -9.5 5.5 10 0 0 0 0
36.978774696589 0.5 5.5 10 0 0 0 0
32.74982868135 10.5 5.5 10 0 0 0 0
35.74193713069 20.5 5.5 10 0 0 0 0
44.369443386793 30.5 5.5 10 0 0 0 0
33.365374282002 40.5 5.5 10 0 0 0 0
27.97714279592 -49.5 10.5 10 0 0 0 0
30.747957512736 -39.5 10.5 10 0 0 0 0
41.696642309427 -29.5 10.5 10 0 0 0 0
29.779097080231 -19.5 10.5 10 0 0 0 0
44.296141207218 -9.5 10.5 10 0 0 0 0
28.744976066053 0.5 10.5 10 0 0 0 0
35.17490786314 10.5 10.5 10 0 0 0 0
36.596040546894 20.5 10.5 10 0 0 0 0
43.736349523067 30.5 10.5 10 0 0 0 0
33.111435875297 40.5 10.5 10 0 0 0 0
37.647470682859 -49.5 15.5 10 0 0 0 0
39.693225294352 -39.5 15.5 10 0 0 0 0
35.65408423543 -29.5 15.5 10 0 0 0 0
37.791273921728 -19.5 15.5 10 0 0 0 0
29.208165712655 -9.5 15.5 10 0 0 0 0
30.221826925874 0.5 15.5 10 0 0 0 0
30.739201396704 10.5 15.5 10 0 0 0 0
38.924843132496 20.5 15.5 10 0 0 0 0
30.576064616442 30.5 15.5 10 0 0 0 0
28.390609651804 40.5 15.5 10 0 0 0 0
34.054538205266 -49.5 20.5 10 0 0 0 0
31.792262226343 -39.5 20.5 10 0 0 0 0
38.307514578104 -29.5 20.5 10 0 0 0 0
38.952238321304 -19.5 20.5 10 0 0 0 0
32.209686681628 -9.5 20.5 10 0 0 0 0
32.575138732791 0.5 20.5 10 0 0 0 0
30.307460427284 10.5 20.5 10 0 0 0 0
32.449669465423 20.5 20.5 10 0 0 0 0
26.350451324135 30.5 20.5 10 0 0 0 0
28.687989540398 40.5 20.5 10 0 0 0 0
28.978604897857 -49.5 25.5 10 0 0 0 0
25.791146131232 -39.5 25.5 10 0 0 0 0
41.790428698063 -29.5 25.5 10 0 0 0 0
28.27902597934 -19.5 25.5 10 0 0 0 0
37.248297095299 -9.5 25.5 10 0 0 0 0
29.417678758502 0.5 25.5 10 0 0 0 0
43.915471285582 10.5 25.5 10 0 0 0 0
38.356234312057 20.5 25.5 10 0 0 0 0
41.306373029947 30.5 25.5 10 0 0 0 0
30.699598670006 40.5 25.5 10 0 0 0 0
38.89258491993 -49.5 30.5 10 0 0 0 0
29.831976071 -39.5 30.5 10 0 0 0 0
42.533635646105 -29.5 30.5 10 0 0 0 0
34.427190646529 -19.5 30.5 10 0 0 0 0
26.45382065326 -9.5 30.5 10 0 0 0 0
27.393493790179 0.5 30.5 10 0 0 0 0
32.641235291958 10.5 30.5 10 0 0 0 0
26.565368294716 20.5 30.5 10 0 0 0 0
27.273368008435 30.5 30.5 10 0 0 0 0
41.217277646065 40.5 30.5 10 0 0 0 0
33.714252650738 -49.5 35.5 10 0 0 0 0
36.542378753424 -39.5 35.5 10 0 0 0 0
25.408877297305 -29.5 35.5 10 0 0 0 0
33.474697008729 -19.5 35.5 10 0 0 0 0
37.971817165613 -9.5 35.5 10 0 0 0 0
42.516656905413 0.5 35.5 10 0 0 0 0
43.737866312265 10.5 35.5 10 0 0 0 0
28.626729853451 20.5 35.5 10 0 0 0 0
25.160607617814 30.5 35.5 10 0 0 0 0
40.922019809484 40.5 35.5 10 0 0 0 0
25.92352020368 -49.5 40.5 10 0 0 0 0
38.525913625956 -39.5 40.5 10 0 0 0 0
32.306582778692 -29.5 40.5 10 0 0 0 0
35.484473496675 -19.5 40.5 10 0 0 0 0
43.266555160284 -9.5 40.5 10 0 0 0 0
42.799799025059 0.5 40.5 10 0 0 0 0
27.129499100149 10.5 40.5 10 0 0 0 0
38.624142289162 20.5 40.5 10 0 0 0 0
41.973046630621 30.5 40.5 10 0 0 0 0
33.062966614962 40.5 40.5 10 0 0 0 0
43.214375287294 -49.5 45.5 10 0 0 0 0
39.618638783693 -39.5 45.5 10 0 0 0 0
29.586239948869 -29.5 45.5 10 0 0 0 0
31.147983640432 -19.5 45.5 10 0 0 0 0
30.612208366394 -9.5 45.5 10 0 0 0 0
38.295042037964 0.5 45.5 10 0 0 0 0
43.48968937993 10.5 45.5 10 0 0 0 0
37.126093864441 20.5 45.5 10 0 0 0 0
37.596845954657 30.5 45.5 10 0 0 0 0
38.408593177795 40.5 45.5 10 0 0 0 0
